0.000	-83.55713
0.100	-83.55713
0.200	-83.58765
0.300	-83.52661
0.400	-83.58765
0.500	-83.55713
0.600	-83.46558
0.700	-83.58765
0.800	-83.58765
0.900	-83.55713
1.000	-83.55713
1.100	-83.52661
1.200	-83.64868
1.300	-83.52661
1.400	-83.46558
1.500	-83.61816
1.600	-83.52661
1.700	-83.55713
1.800	-83.58765
1.900	-83.58765
2.000	-83.64868
2.100	-83.52661
2.200	-83.58765
2.300	-83.46558
2.400	-83.55713
2.500	-83.64868
2.600	-83.52661
2.700	-83.58765
2.800	-83.55713
2.900	-83.49609
3.000	-83.64868
3.100	-83.52661
3.200	-83.58765
3.300	-83.55713
3.400	-83.52661
3.500	-83.64868
3.600	-83.52661
3.700	-83.70972
3.800	-83.52661
3.900	-83.61816
4.000	-83.64868
4.100	-83.55713
4.200	-83.58765
4.300	-83.55713
4.400	-83.52661
4.500	-83.67920
4.600	-83.49609
4.700	-83.55713
4.800	-83.55713
4.900	-83.55713
5.000	-83.64868
5.100	-83.55713
5.200	-83.58765
5.300	-83.58765
5.400	-83.52661
5.500	-83.61816
5.600	-83.52661
5.700	-83.64868
5.800	-83.55713
5.900	-83.52661
6.000	-83.64868
6.100	-83.52661
6.200	-83.58765
6.300	-83.61816
6.400	-83.58765
6.500	-83.61816
6.600	-83.55713
6.700	-83.55713
6.800	-83.58765
6.900	-83.52661
7.000	-83.58765
7.100	-83.61816
7.200	-83.58765
7.300	-83.61816
7.400	-83.55713
7.500	-83.67920
7.600	-83.58765
7.700	-83.55713
7.800	-83.58765
7.900	-83.46558
8.000	-83.55713
8.100	-83.55713
8.200	-83.61816
8.300	-83.61816
8.400	-83.49609
8.500	-83.64868
8.600	-83.58765
8.700	-83.49609
8.800	-83.67920
8.900	-83.58765
9.000	-83.61816
9.100	-83.58765
9.200	-83.55713
9.300	-83.61816
9.400	-83.43506
9.500	-83.52661
9.600	-83.58765
9.700	-83.46558
9.800	-83.61816
9.900	-83.52661
10.000	-83.58765
10.100	-83.52519
10.200	-83.47543
10.300	-83.35489
10.400	-83.16396
10.500	-82.90301
10.600	-82.57243
10.700	-82.17261
10.800	-81.70392
10.900	-81.16674
11.000	-80.56147
11.100	-79.88848
11.200	-79.14815
11.300	-78.34088
11.400	-77.46703
11.500	-76.52700
11.600	-75.52117
11.700	-74.44992
11.800	-73.31363
11.900	-72.11269
12.000	-70.84747
12.100	-69.51837
12.200	-68.12576
12.300	-66.67003
12.400	-65.15155
12.500	-63.57072
12.600	-61.92792
12.700	-60.22352
12.800	-58.45791
12.900	-56.63148
13.000	-54.74461
13.100	-52.79767
13.200	-50.79106
13.300	-48.72515
13.400	-46.60033
13.500	-44.41698
13.600	-42.17548
13.700	-39.87622
13.800	-35.79712
13.900	-23.13232
14.000	11.81030
14.100	43.36548
14.200	59.99756
14.300	65.70435
14.400	65.58228
14.500	62.74414
14.600	59.29565
14.700	56.27441
14.800	53.92456
14.900	52.39868
15.000	51.54419
15.100	50.87280
15.200	50.75073
15.300	50.53711
15.400	50.47607
15.500	50.41504
15.600	50.23193
15.700	50.26245
15.800	50.10986
15.900	50.01831
16.000	50.01831
16.100	49.77417
16.200	49.71313
16.300	49.53003
16.400	49.40796
16.500	49.40796
16.600	49.16382
16.700	49.19434
16.800	49.07227
16.900	48.91968
17.000	48.85864
17.100	48.64502
17.200	48.64502
17.300	48.52295
17.400	48.33984
17.500	48.30933
17.600	48.09570
17.700	48.00415
17.800	47.88208
17.900	47.69897
18.000	47.63794
18.100	47.39380
18.200	47.33276
18.300	47.21069
18.400	46.96655
18.500	46.90552
18.600	46.69189
18.700	46.56982
18.800	46.41724
18.900	46.17310
19.000	46.08154
19.100	45.86792
19.200	45.74585
19.300	45.56274
19.400	45.34912
19.500	45.19653
19.600	44.95239
19.700	44.70825
19.800	44.58618
19.900	44.31152
20.000	44.21997
20.100	44.00635
20.200	43.82324
20.300	43.60962
20.400	43.42651
20.500	43.27393
20.600	43.02979
20.700	42.81616
20.800	42.69409
20.900	42.48047
21.000	42.29736
21.100	42.11426
21.200	41.87012
21.300	41.65649
21.400	41.41235
21.500	41.29028
21.600	41.07666
21.700	40.86304
21.800	40.67993
21.900	40.37476
22.000	40.22217
22.100	40.13062
22.200	39.85596
22.300	39.73389
22.400	39.45923
22.500	39.30664
22.600	39.09302
22.700	38.81836
22.800	38.69629
22.900	38.45215
23.000	38.26904
23.100	38.11646
23.200	37.81128
23.300	37.62817
23.400	37.41455
23.500	37.23145
23.600	37.13989
23.700	36.83472
23.800	36.77368
23.900	36.43799
24.000	36.25488
24.100	36.13281
24.200	35.76660
24.300	35.73608
24.400	35.49194
24.500	35.24780
24.600	35.12573
24.700	34.88159
24.800	34.75952
24.900	34.48486
25.000	34.27124
25.100	34.14917
25.200	33.81348
25.300	33.72192
25.400	33.50830
25.500	33.29468
25.600	33.20313
25.700	32.95898
25.800	32.83691
25.900	32.65381
26.000	32.37915
26.100	32.28760
26.200	32.04346
26.300	31.92139
26.400	31.79932
26.500	31.43311
26.600	31.46362
26.700	31.21948
26.800	31.06689
26.900	30.94482
27.000	30.70068
27.100	30.57861
27.200	30.42603
27.300	30.30396
27.400	30.18188
27.500	29.96826
27.600	29.96826
27.700	29.63257
27.800	29.54102
27.900	29.51050
28.000	29.23584
28.100	29.23584
28.200	29.02222
28.300	28.90015
28.400	28.68652
28.500	28.59497
28.600	28.50342
28.700	28.28979
28.800	28.22876
28.900	28.10669
29.000	27.89307
29.100	27.80151
29.200	27.70996
29.300	27.61841
29.400	27.61841
29.500	27.46582
29.600	27.34375
29.700	27.25220
29.800	27.13013
29.900	27.13013
30.000	26.82495
30.100	26.91650
30.200	26.73340
30.300	26.70288
30.400	26.67236
30.500	26.45874
30.600	26.45874
30.700	26.33667
30.800	26.30615
30.900	26.18408
31.000	26.09253
31.100	26.09253
31.200	26.00098
31.300	25.90942
31.400	25.84839
31.500	25.72632
31.600	25.81787
31.700	25.69580
31.800	25.57373
31.900	25.60425
32.000	25.48218
32.100	25.51270
32.200	25.45166
32.300	25.36011
32.400	25.42114
32.500	25.23804
32.600	25.26855
32.700	25.17700
32.800	25.05493
32.900	25.14648
33.000	25.02441
33.100	25.05493
33.200	25.05493
33.300	24.96338
33.400	24.90234
33.500	24.93286
33.600	24.90234
33.700	24.84131
33.800	24.71924
33.900	24.87183
34.000	24.78027
34.100	24.68872
34.200	24.74976
34.300	24.62769
34.400	24.68872
34.500	24.59717
34.600	24.59717
34.700	24.65820
34.800	24.47510
34.900	24.50562
35.000	24.50562
35.100	24.50562
35.200	24.56665
35.300	24.38354
35.400	24.50562
35.500	24.44458
35.600	24.41406
35.700	24.47510
35.800	24.35303
35.900	24.38354
36.000	24.41406
36.100	24.35303
36.200	24.44458
36.300	24.32251
36.400	24.38354
36.500	24.41406
36.600	24.38354
36.700	24.41406
36.800	24.32251
36.900	24.38354
37.000	24.35303
37.100	24.32251
37.200	24.41406
37.300	24.32251
37.400	24.44458
37.500	24.44458
37.600	24.38354
37.700	24.41406
37.800	24.38354
37.900	24.38354
38.000	24.53613
38.100	24.41406
38.200	24.50562
38.300	24.38354
38.400	24.47510
38.500	24.47510
38.600	24.41406
38.700	24.44458
38.800	24.44458
38.900	24.41406
39.000	24.53613
39.100	24.47510
39.200	24.53613
39.300	24.53613
39.400	24.59717
39.500	24.62769
39.600	24.56665
39.700	24.62769
39.800	24.59717
39.900	24.56665
40.000	24.68872
40.100	24.68872
40.200	24.74976
40.300	24.68872
40.400	24.71924
40.500	24.81079
40.600	24.78027
40.700	24.84131
40.800	24.81079
40.900	24.81079
41.000	24.90234
41.100	24.90234
41.200	24.96338
41.300	24.93286
41.400	24.96338
41.500	25.02441
41.600	24.90234
41.700	25.05493
41.800	25.05493
41.900	24.96338
42.000	25.14648
42.100	25.14648
42.200	25.08545
42.300	25.23804
42.400	25.17700
42.500	25.20752
42.600	25.17700
42.700	25.23804
42.800	25.29907
42.900	25.23804
43.000	25.36011
43.100	25.36011
43.200	25.36011
43.300	25.39063
43.400	25.45166
43.500	25.48218
43.600	25.54321
43.700	25.45166
43.800	25.54321
43.900	25.51270
44.000	25.54321
44.100	25.54321
44.200	25.51270
44.300	25.63477
44.400	25.57373
44.500	25.63477
44.600	25.66528
44.700	25.63477
44.800	25.72632
44.900	25.69580
45.000	25.75684
45.100	25.72632
45.200	25.72632
45.300	25.84839
45.400	25.75684
45.500	25.84839
45.600	25.87891
45.700	25.87891
45.800	25.97046
45.900	25.84839
46.000	25.97046
46.100	26.03149
46.200	25.93994
46.300	26.03149
46.400	25.97046
46.500	26.03149
46.600	26.09253
46.700	26.06201
46.800	26.12305
46.900	26.09253
47.000	26.12305
47.100	26.12305
47.200	26.12305
47.300	26.21460
47.400	26.15356
47.500	26.18408
47.600	26.27563
47.700	26.21460
47.800	26.27563
47.900	26.24512
48.000	26.24512
48.100	26.36719
48.200	26.27563
48.300	26.42822
48.400	26.39771
48.500	26.33667
48.600	26.48926
48.700	26.27563
48.800	26.42822
48.900	26.42822
49.000	26.42822
49.100	26.51978
49.200	26.39771
49.300	26.55029
49.400	26.48926
49.500	26.51978
49.600	26.61133
49.700	26.45874
49.800	26.58081
49.900	26.61133
50.000	26.51978
50.100	26.64185
50.200	26.64185
50.300	26.58081
50.400	26.67236
50.500	26.58081
50.600	26.67236
50.700	26.70288
50.800	26.70288
50.900	26.79443
51.000	26.64185
51.100	26.82495
51.200	26.73340
51.300	26.76392
51.400	26.79443
51.500	26.82495
51.600	26.88599
51.700	26.79443
51.800	26.85547
51.900	26.88599
52.000	26.79443
52.100	26.85547
52.200	26.88599
52.300	26.82495
52.400	26.91650
52.500	26.82495
52.600	26.85547
52.700	26.94702
52.800	26.88599
52.900	26.91650
53.000	26.88599
53.100	26.91650
53.200	26.94702
53.300	26.94702
53.400	27.03857
53.500	26.91650
53.600	27.00806
53.700	27.00806
53.800	26.97754
53.900	27.03857
54.000	26.94702
54.100	27.00806
54.200	27.00806
54.300	26.94702
54.400	27.00806
54.500	26.97754
54.600	26.97754
54.700	27.09961
54.800	27.03857
54.900	27.09961
55.000	27.03857
55.100	27.06909
55.200	27.09961
55.300	27.06909
55.400	27.16064
55.500	27.03857
55.600	27.16064
55.700	27.06909
55.800	27.06909
55.900	27.13013
56.000	27.13013
56.100	27.19116
56.200	27.16064
56.300	27.13013
56.400	27.22168
56.500	27.19116
56.600	27.13013
56.700	27.19116
56.800	27.13013
56.900	27.19116
57.000	27.16064
57.100	27.16064
57.200	27.22168
57.300	27.09961
57.400	27.25220
57.500	27.19116
57.600	27.16064
57.700	27.22168
57.800	27.13013
57.900	27.28271
58.000	27.25220
58.100	27.19116
58.200	27.28271
58.300	27.22168
58.400	27.22168
58.500	27.25220
58.600	27.22168
58.700	27.22168
58.800	27.22168
58.900	27.25220
59.000	27.19116
59.100	27.16064
59.200	27.28271
59.300	27.22168
59.400	27.22168
59.500	27.19116
59.600	27.19116
59.700	27.19116
59.800	27.25220
59.900	27.19116
60.000	27.16064
60.100	27.09961
60.200	27.22168
60.300	27.19116
60.400	27.22168
60.500	27.16064
60.600	27.19116
60.700	27.16064
60.800	27.19116
60.900	27.22168
61.000	27.16064
61.100	27.13013
61.200	27.13013
61.300	27.13013
61.400	27.09961
61.500	27.13013
61.600	27.09961
61.700	27.16064
61.800	27.16064
61.900	27.03857
62.000	27.09961
62.100	27.00806
62.200	27.09961
62.300	27.06909
62.400	27.09961
62.500	27.06909
62.600	27.00806
62.700	27.00806
62.800	27.00806
62.900	26.97754
63.000	27.06909
63.100	26.91650
63.200	27.03857
63.300	27.00806
63.400	27.06909
63.500	27.00806
63.600	27.03857
63.700	27.06909
63.800	27.03857
63.900	26.97754
64.000	27.06909
64.100	26.91650
64.200	27.00806
64.300	26.91650
64.400	26.97754
64.500	26.94702
64.600	27.03857
64.700	27.06909
64.800	27.00806
64.900	26.97754
65.000	26.97754
65.100	26.94702
65.200	26.91650
65.300	27.00806
65.400	26.97754
65.500	27.00806
65.600	26.94702
65.700	26.91650
65.800	26.94702
65.900	26.88599
66.000	26.94702
66.100	26.88599
66.200	26.88599
66.300	26.91650
66.400	26.91650
66.500	26.88599
66.600	26.82495
66.700	26.88599
66.800	26.85547
66.900	26.88599
67.000	26.88599
67.100	26.82495
67.200	26.79443
67.300	26.88599
67.400	26.79443
67.500	26.85547
67.600	26.88599
67.700	26.79443
67.800	26.79443
67.900	26.79443
68.000	26.76392
68.100	26.79443
68.200	26.73340
68.300	26.79443
68.400	26.82495
68.500	26.67236
68.600	26.76392
68.700	26.73340
68.800	26.76392
68.900	26.70288
69.000	26.67236
69.100	26.76392
69.200	26.64185
69.300	26.73340
69.400	26.67236
69.500	26.70288
69.600	26.73340
69.700	26.61133
69.800	26.70288
69.900	26.64185
70.000	26.61133
70.100	26.61133
70.200	26.58081
70.300	26.58081
70.400	26.55029
70.500	26.55029
70.600	26.58081
70.700	26.51978
70.800	26.51978
70.900	26.58081
71.000	26.55029
71.100	26.58081
71.200	26.58081
71.300	26.51978
71.400	26.51978
71.500	26.42822
71.600	26.51978
71.700	26.45874
71.800	26.42822
71.900	26.45874
72.000	26.42822
72.100	26.48926
72.200	26.39771
72.300	26.48926
72.400	26.39771
72.500	26.42822
72.600	26.39771
72.700	26.42822
72.800	26.42822
72.900	26.33667
73.000	26.36719
73.100	26.33667
73.200	26.27563
73.300	26.33667
73.400	26.33667
73.500	26.30615
73.600	26.33667
73.700	26.27563
73.800	26.27563
73.900	26.33667
74.000	26.24512
74.100	26.27563
74.200	26.21460
74.300	26.21460
74.400	26.27563
74.500	26.21460
74.600	26.24512
74.700	26.18408
74.800	26.18408
74.900	26.12305
75.000	26.12305
75.100	26.12305
75.200	26.12305
75.300	26.18408
75.400	26.09253
75.500	26.06201
75.600	26.09253
75.700	26.09253
75.800	26.00098
75.900	26.06201
76.000	26.00098
76.100	26.00098
76.200	26.06201
76.300	25.97046
76.400	25.97046
76.500	25.90942
76.600	25.97046
76.700	25.93994
76.800	25.84839
76.900	25.90942
77.000	25.90942
77.100	25.84839
77.200	25.93994
77.300	25.84839
77.400	25.90942
77.500	25.81787
77.600	25.81787
77.700	25.81787
77.800	25.81787
77.900	25.84839
78.000	25.75684
78.100	25.75684
78.200	25.72632
78.300	25.69580
78.400	25.69580
78.500	25.66528
78.600	25.60425
78.700	25.66528
78.800	25.63477
78.900	25.63477
79.000	25.60425
79.100	25.66528
79.200	25.63477
79.300	25.54321
79.400	25.60425
79.500	25.57373
79.600	25.60425
79.700	25.57373
79.800	25.51270
79.900	25.57373
80.000	25.51270
80.100	25.51270
80.200	25.51270
80.300	25.45166
80.400	25.45166
80.500	25.42114
80.600	25.42114
80.700	25.45166
80.800	25.32959
80.900	25.32959
81.000	25.32959
81.100	25.36011
81.200	25.26855
81.300	25.29907
81.400	25.23804
81.500	25.26855
81.600	25.20752
81.700	25.20752
81.800	25.23804
81.900	25.23804
82.000	25.17700
82.100	25.14648
82.200	25.14648
82.300	25.08545
82.400	25.05493
82.500	25.05493
82.600	25.08545
82.700	25.11597
82.800	25.11597
82.900	25.02441
83.000	25.08545
83.100	25.05493
83.200	24.96338
83.300	24.99390
83.400	25.02441
83.500	24.96338
83.600	24.96338
83.700	24.93286
83.800	24.87183
83.900	24.93286
84.000	24.99390
84.100	24.87183
84.200	24.93286
84.300	24.90234
84.400	24.78027
84.500	24.81079
84.600	24.81079
84.700	24.84131
84.800	24.74976
84.900	24.74976
85.000	24.84131
85.100	24.74976
85.200	24.68872
85.300	24.78027
85.400	24.68872
85.500	24.78027
85.600	24.62769
85.700	24.65820
85.800	24.71924
85.900	24.62769
86.000	24.71924
86.100	24.56665
86.200	24.56665
86.300	24.65820
86.400	24.56665
86.500	24.59717
86.600	24.53613
86.700	24.50562
86.800	24.53613
86.900	24.47510
87.000	24.50562
87.100	24.47510
87.200	24.41406
87.300	24.35303
87.400	24.35303
87.500	24.32251
87.600	24.38354
87.700	24.35303
87.800	24.29199
87.900	24.29199
88.000	24.29199
88.100	24.32251
88.200	24.29199
88.300	24.26147
88.400	24.20044
88.500	24.26147
88.600	24.23096
88.700	24.20044
88.800	24.23096
88.900	24.16992
89.000	24.13940
89.100	24.16992
89.200	24.13940
89.300	24.10889
89.400	24.16992
89.500	24.07837
89.600	24.07837
89.700	24.04785
89.800	24.07837
89.900	24.04785
90.000	24.01733
90.100	24.01733
90.200	23.95630
90.300	24.01733
90.400	24.04785
90.500	24.01733
90.600	23.98682
90.700	23.89526
90.800	23.98682
90.900	23.95630
91.000	23.98682
91.100	23.95630
91.200	23.83423
91.300	23.89526
91.400	23.89526
91.500	23.83423
91.600	23.83423
91.700	23.77319
91.800	23.77319
91.900	23.80371
92.000	23.77319
92.100	23.74268
92.200	23.71216
92.300	23.77319
92.400	23.68164
92.500	23.71216
92.600	23.74268
92.700	23.65112
92.800	23.74268
92.900	23.62061
93.000	23.68164
93.100	23.62061
93.200	23.59009
93.300	23.65112
93.400	23.65112
93.500	23.55957
93.600	23.65112
93.700	23.52905
93.800	23.52905
93.900	23.52905
94.000	23.49854
94.100	23.52905
94.200	23.52905
94.300	23.46802
94.400	23.43750
94.500	23.37646
94.600	23.40698
94.700	23.40698
94.800	23.37646
94.900	23.37646
95.000	23.37646
95.100	23.37646
95.200	23.34595
95.300	23.40698
95.400	23.40698
95.500	23.37646
95.600	23.34595
95.700	23.31543
95.800	23.22388
95.900	23.22388
96.000	23.22388
96.100	23.19336
96.200	23.19336
96.300	23.16284
96.400	23.19336
96.500	23.13232
96.600	23.07129
96.700	23.10181
96.800	23.13232
96.900	23.10181
97.000	23.07129
97.100	23.10181
97.200	23.07129
97.300	23.07129
97.400	23.01025
97.500	23.07129
97.600	23.01025
97.700	23.07129
97.800	23.01025
97.900	22.97974
98.000	22.94922
98.100	22.91870
98.200	22.91870
98.300	22.88818
98.400	22.97974
98.500	22.91870
98.600	22.88818
98.700	22.82715
98.800	22.82715
98.900	22.79663
99.000	22.70508
99.100	22.76611
99.200	22.76611
99.300	22.73560
99.400	22.79663
99.500	22.76611
99.600	22.76611
99.700	22.70508
99.800	22.64404
99.900	22.67456
100.000	22.70508
100.100	22.58301
100.200	22.64404
100.300	22.58301
100.400	22.52197
100.500	22.55249
100.600	22.52197
100.700	22.52197
100.800	22.46094
100.900	22.43042
101.000	22.46094
101.100	22.46094
101.200	22.43042
101.300	22.46094
101.400	22.36938
101.500	22.33887
101.600	22.30835
101.700	22.33887
101.800	22.24731
101.900	22.27783
102.000	22.30835
102.100	22.24731
102.200	22.12524
102.300	22.24731
102.400	22.24731
102.500	22.24731
102.600	22.27783
102.700	22.15576
102.800	22.18628
102.900	22.15576
103.000	22.15576
103.100	22.12524
103.200	22.03369
103.300	22.12524
103.400	22.03369
103.500	22.03369
103.600	22.03369
103.700	21.97266
103.800	21.94214
103.900	21.94214
104.000	21.94214
104.100	21.88110
104.200	21.91162
104.300	21.94214
104.400	21.94214
104.500	21.97266
104.600	21.88110
104.700	21.91162
104.800	21.88110
104.900	21.82007
105.000	21.78955
105.100	21.72852
105.200	21.75903
105.300	21.72852
105.400	21.75903
105.500	21.75903
105.600	21.75903
105.700	21.63696
105.800	21.63696
105.900	21.60645
106.000	21.66748
106.100	21.63696
106.200	21.57593
106.300	21.57593
106.400	21.51489
106.500	21.60645
106.600	21.45386
106.700	21.51489
106.800	21.51489
106.900	21.45386
107.000	21.48438
107.100	21.45386
107.200	21.45386
107.300	21.39282
107.400	21.42334
107.500	21.42334
107.600	21.39282
107.700	21.30127
107.800	21.33179
107.900	21.33179
108.000	21.30127
108.100	21.27075
108.200	21.30127
108.300	21.33179
108.400	21.20972
108.500	21.27075
108.600	21.27075
108.700	21.14868
108.800	21.17920
108.900	21.17920
109.000	21.08765
109.100	21.11816
109.200	21.11816
109.300	21.08765
109.400	21.17920
109.500	21.11816
109.600	21.08765
109.700	21.02661
109.800	21.05713
109.900	20.99609
110.000	21.02661
110.100	20.99609
110.200	20.99609
110.300	20.99609
110.400	20.93506
110.500	20.90454
110.600	20.96558
110.700	20.93506
110.800	20.90454
110.900	20.84351
111.000	20.87402
111.100	20.90454
111.200	20.81299
111.300	20.87402
111.400	20.81299
111.500	20.78247
111.600	20.84351
111.700	20.75195
111.800	20.75195
111.900	20.81299
112.000	20.75195
112.100	20.72144
112.200	20.66040
112.300	20.62988
112.400	20.72144
112.500	20.62988
112.600	20.69092
112.700	20.62988
112.800	20.62988
112.900	20.53833
113.000	20.53833
113.100	20.56885
113.200	20.53833
113.300	20.59937
113.400	20.53833
113.500	20.50781
113.600	20.50781
113.700	20.44678
113.800	20.41626
113.900	20.47729
114.000	20.38574
114.100	20.41626
114.200	20.38574
114.300	20.35522
114.400	20.38574
114.500	20.32471
114.600	20.38574
114.700	20.29419
114.800	20.29419
114.900	20.26367
115.000	20.20264
115.100	20.26367
115.200	20.23315
115.300	20.20264
115.400	20.17212
115.500	20.14160
115.600	20.08057
115.700	20.17212
115.800	20.17212
115.900	20.08057
116.000	20.05005
116.100	20.08057
116.200	20.11108
116.300	20.01953
116.400	20.05005
116.500	20.05005
116.600	19.98901
116.700	19.95850
116.800	20.01953
116.900	20.01953
117.000	19.89746
117.100	19.86694
117.200	19.92798
117.300	19.86694
117.400	19.86694
117.500	19.86694
117.600	19.83643
117.700	19.83643
117.800	19.83643
117.900	19.83643
118.000	19.80591
118.100	19.80591
118.200	19.77539
118.300	19.74487
118.400	19.71436
118.500	19.74487
118.600	19.68384
118.700	19.71436
118.800	19.62280
118.900	19.65332
119.000	19.62280
119.100	19.59229
119.200	19.59229
119.300	19.56177
119.400	19.59229
119.500	19.59229
119.600	19.56177
119.700	19.43970
119.800	19.40918
119.900	19.47021
120.000	19.43970
120.100	19.37866
120.200	19.37866
120.300	19.40918
120.400	19.34814
120.500	19.31763
120.600	19.22607
120.700	19.37866
120.800	19.28711
120.900	19.22607
121.000	19.34814
121.100	19.25659
121.200	19.22607
121.300	19.19556
121.400	19.13452
121.500	19.19556
121.600	19.13452
121.700	19.16504
121.800	19.16504
121.900	19.13452
122.000	19.19556
122.100	19.04297
122.200	19.13452
122.300	19.07349
122.400	19.04297
122.500	19.07349
122.600	19.04297
122.700	19.07349
122.800	18.95142
122.900	18.92090
123.000	18.98193
123.100	18.92090
123.200	18.95142
123.300	18.95142
123.400	18.85986
123.500	18.92090
123.600	18.82935
123.700	18.82935
123.800	18.82935
123.900	18.73779
124.000	18.82935
124.100	18.70728
124.200	18.73779
124.300	18.70728
124.400	18.64624
124.500	18.79883
124.600	18.73779
124.700	18.67676
124.800	18.67676
124.900	18.64624
125.000	18.64624
125.100	18.58521
125.200	18.58521
125.300	18.58521
125.400	18.49365
125.500	18.58521
125.600	18.49365
125.700	18.43262
125.800	18.52417
125.900	18.40210
126.000	18.43262
126.100	18.46313
126.200	18.40210
126.300	18.40210
126.400	18.28003
126.500	18.31055
126.600	18.34106
126.700	18.34106
126.800	18.37158
126.900	18.28003
127.000	18.31055
127.100	18.28003
127.200	18.18848
127.300	18.21899
127.400	18.12744
127.500	18.18848
127.600	18.12744
127.700	18.15796
127.800	18.12744
127.900	18.03589
128.000	18.09692
128.100	18.09692
128.200	18.03589
128.300	18.03589
128.400	18.06641
128.500	17.97485
128.600	17.97485
128.700	17.94434
128.800	18.00537
128.900	17.91382
129.000	17.91382
129.100	17.85278
129.200	17.85278
129.300	17.94434
129.400	17.82227
129.500	17.82227
129.600	17.85278
129.700	17.79175
129.800	17.88330
129.900	17.82227
130.000	17.76123
130.100	17.79175
130.200	17.70020
130.300	17.76123
130.400	17.63916
130.500	17.66968
130.600	17.54761
130.700	17.57813
130.800	17.66968
130.900	17.60864
131.000	17.60864
131.100	17.60864
131.200	17.48657
131.300	17.60864
131.400	17.51709
131.500	17.54761
131.600	17.51709
131.700	17.42554
131.800	17.42554
131.900	17.30347
132.000	17.36450
132.100	17.36450
132.200	17.30347
132.300	17.36450
132.400	17.27295
132.500	17.27295
132.600	17.36450
132.700	17.21191
132.800	17.27295
132.900	17.24243
133.000	17.18140
133.100	17.18140
133.200	17.08984
133.300	17.18140
133.400	17.12036
133.500	17.05933
133.600	17.15088
133.700	17.08984
133.800	17.02881
133.900	17.02881
134.000	16.99829
134.100	16.99829
134.200	16.96777
134.300	16.93726
134.400	16.93726
134.500	16.87622
134.600	16.90674
134.700	16.90674
134.800	16.78467
134.900	16.87622
135.000	16.81519
135.100	16.84570
135.200	16.72363
135.300	16.72363
135.400	16.69312
135.500	16.69312
135.600	16.66260
135.700	16.66260
135.800	16.66260
135.900	16.69312
136.000	16.57104
136.100	16.54053
136.200	16.57104
136.300	16.51001
136.400	16.57104
136.500	16.51001
136.600	16.41846
136.700	16.38794
136.800	16.41846
136.900	16.41846
137.000	16.44897
137.100	16.35742
137.200	16.35742
137.300	16.26587
137.400	16.32690
137.500	16.26587
137.600	16.26587
137.700	16.23535
137.800	16.20483
137.900	16.23535
138.000	16.17432
138.100	16.11328
138.200	16.14380
138.300	16.08276
138.400	16.14380
138.500	16.02173
138.600	16.05225
138.700	16.02173
138.800	15.96069
138.900	16.05225
139.000	16.02173
139.100	16.02173
139.200	15.99121
139.300	15.86914
139.400	15.93018
139.500	15.80811
139.600	15.80811
139.700	15.83862
139.800	15.83862
139.900	15.83862
140.000	15.83862
140.100	15.77759
140.200	15.74707
140.300	15.71655
140.400	15.71655
140.500	15.68604
140.600	15.62500
140.700	15.68604
140.800	15.62500
140.900	15.59448
141.000	15.56396
141.100	15.50293
141.200	15.56396
141.300	15.47241
141.400	15.47241
141.500	15.47241
141.600	15.38086
141.700	15.35034
141.800	15.38086
141.900	15.41138
142.000	15.38086
142.100	15.31982
142.200	15.35034
142.300	15.19775
142.400	15.22827
142.500	15.22827
142.600	15.10620
142.700	15.22827
142.800	15.22827
142.900	15.16724
143.000	15.16724
143.100	15.07568
143.200	15.16724
143.300	15.04517
143.400	15.04517
143.500	15.07568
143.600	15.04517
143.700	15.01465
143.800	14.92310
143.900	14.95361
144.000	14.98413
144.100	14.86206
144.200	14.86206
144.300	14.86206
144.400	14.86206
144.500	14.86206
144.600	14.73999
144.700	14.73999
144.800	14.77051
144.900	14.77051
145.000	14.83154
145.100	14.64844
145.200	14.73999
145.300	14.67896
145.400	14.67896
145.500	14.73999
145.600	14.58740
145.700	14.67896
145.800	14.64844
145.900	14.49585
146.000	14.55688
146.100	14.46533
146.200	14.46533
146.300	14.46533
146.400	14.43481
146.500	14.46533
146.600	14.40430
146.700	14.37378
146.800	14.37378
146.900	14.28223
147.000	14.40430
147.100	14.28223
147.200	14.34326
147.300	14.25171
147.400	14.22119
147.500	14.22119
147.600	14.12964
147.700	14.22119
147.800	14.19067
147.900	14.09912
148.000	14.16016
148.100	14.06860
148.200	14.03809
148.300	14.06860
148.400	13.94653
148.500	14.06860
148.600	13.94653
148.700	14.03809
148.800	13.97705
148.900	13.82446
149.000	13.91602
149.100	13.82446
149.200	13.82446
149.300	13.79395
149.400	13.70239
149.500	13.85498
149.600	13.76343
149.700	13.67188
149.800	13.76343
149.900	13.67188
150.000	13.67188
150.100	13.54980
150.200	13.54980
150.300	13.64136
150.400	13.51929
150.500	13.61084
150.600	13.54980
150.700	13.48877
150.800	13.51929
150.900	13.33618
151.000	13.51929
151.100	13.45825
151.200	13.27515
151.300	13.42773
151.400	13.33618
151.500	13.39722
151.600	13.30566
151.700	13.30566
151.800	13.27515
151.900	13.24463
152.000	13.21411
152.100	13.21411
152.200	13.15308
152.300	13.21411
152.400	13.06152
152.500	13.12256
152.600	13.18359
152.700	13.06152
152.800	13.09204
152.900	13.03101
153.000	13.03101
153.100	13.03101
153.200	12.93945
153.300	12.96997
153.400	12.87842
153.500	12.90894
153.600	12.96997
153.700	12.84790
153.800	12.87842
153.900	12.78687
154.000	12.72583
154.100	12.69531
154.200	12.66479
154.300	12.81738
154.400	12.72583
154.500	12.69531
154.600	12.72583
154.700	12.60376
154.800	12.60376
154.900	12.51221
155.000	12.48169
155.100	12.51221
155.200	12.48169
155.300	12.48169
155.400	12.42065
155.500	12.39014
155.600	12.39014
155.700	12.32910
155.800	12.32910
155.900	12.26807
156.000	12.20703
156.100	12.32910
156.200	12.20703
156.300	12.29858
156.400	12.20703
156.500	12.17651
156.600	12.20703
156.700	12.11548
156.800	12.14600
156.900	12.05444
157.000	11.99341
157.100	12.08496
157.200	12.02393
157.300	12.05444
157.400	11.99341
157.500	11.93237
157.600	11.96289
157.700	11.84082
157.800	11.87134
157.900	11.87134
158.000	11.77979
158.100	11.87134
158.200	11.71875
158.300	11.77979
158.400	11.77979
158.500	11.62720
158.600	11.74927
158.700	11.68823
158.800	11.59668
158.900	11.68823
159.000	11.56616
159.100	11.56616
159.200	11.59668
159.300	11.50513
159.400	11.53564
159.500	11.44409
159.600	11.44409
159.700	11.41357
159.800	11.35254
159.900	11.44409
160.000	11.32202
160.100	11.35254
160.200	11.32202
160.300	11.26099
160.400	11.32202
160.500	11.23047
160.600	11.19995
160.700	11.23047
160.800	11.16943
160.900	11.19995
161.000	11.04736
161.100	11.10840
161.200	11.13892
161.300	11.04736
161.400	11.01685
161.500	10.95581
161.600	10.95581
161.700	10.98633
161.800	10.89478
161.900	10.89478
162.000	10.80322
162.100	10.77271
162.200	10.80322
162.300	10.74219
162.400	10.86426
162.500	10.77271
162.600	10.71167
162.700	10.71167
162.800	10.65063
162.900	10.68115
163.000	10.62012
163.100	10.55908
163.200	10.65063
163.300	10.52856
163.400	10.58960
163.500	10.49805
163.600	10.49805
163.700	10.52856
163.800	10.43701
163.900	10.49805
164.000	10.40649
164.100	10.34546
164.200	10.43701
164.300	10.28442
164.400	10.34546
164.500	10.19287
164.600	10.19287
164.700	10.22339
164.800	10.16235
164.900	10.19287
165.000	10.16235
165.100	10.07080
165.200	10.19287
165.300	10.04028
165.400	10.07080
165.500	10.04028
165.600	9.91821
165.700	9.97925
165.800	9.94873
165.900	9.94873
166.000	9.94873
166.100	9.82666
166.200	9.94873
166.300	9.79614
166.400	9.85718
166.500	9.82666
166.600	9.67407
166.700	9.79614
166.800	9.67407
166.900	9.61304
167.000	9.67407
167.100	9.55200
167.200	9.58252
167.300	9.52148
167.400	9.58252
167.500	9.52148
167.600	9.42993
167.700	9.46045
167.800	9.36890
167.900	9.33838
168.000	9.39941
168.100	9.27734
168.200	9.27734
168.300	9.33838
168.400	9.24683
168.500	9.24683
168.600	9.00269
168.700	9.18579
168.800	9.09424
168.900	9.00269
169.000	9.06372
169.100	9.00269
169.200	9.00269
169.300	9.00269
169.400	8.91113
169.500	9.00269
169.600	8.85010
169.700	8.88062
169.800	8.88062
169.900	8.72803
170.000	8.81958
170.100	8.66699
170.200	8.69751
170.300	8.63647
170.400	8.54492
170.500	8.63647
170.600	8.48389
170.700	8.57544
170.800	8.51440
170.900	8.48389
171.000	8.54492
171.100	8.36182
171.200	8.42285
171.300	8.39233
171.400	8.27026
171.500	8.36182
171.600	8.23975
171.700	8.27026
171.800	8.27026
171.900	8.17871
172.000	8.20923
172.100	8.02612
172.200	8.08716
172.300	8.08716
172.400	7.99561
172.500	8.05664
172.600	7.96509
172.700	7.93457
172.800	7.96509
172.900	7.84302
173.000	7.90405
173.100	7.81250
173.200	7.78198
173.300	7.81250
173.400	7.62939
173.500	7.75146
173.600	7.65991
173.700	7.69043
173.800	7.69043
173.900	7.50732
174.000	7.62939
174.100	7.50732
174.200	7.50732
174.300	7.56836
174.400	7.38525
174.500	7.50732
174.600	7.38525
174.700	7.32422
174.800	7.47681
174.900	7.26318
175.000	7.35474
175.100	7.23267
175.200	7.23267
175.300	7.32422
175.400	7.17163
175.500	7.17163
175.600	7.14111
175.700	7.08008
175.800	7.11060
175.900	7.04956
176.000	7.08008
176.100	7.01904
176.200	6.98853
176.300	6.98853
176.400	6.86646
176.500	6.83594
176.600	6.89697
176.700	6.77490
176.800	6.77490
176.900	6.80542
177.000	6.77490
177.100	6.77490
177.200	6.62231
177.300	6.65283
177.400	6.62231
177.500	6.62231
177.600	6.53076
177.700	6.50024
177.800	6.59180
177.900	6.53076
178.000	6.46973
178.100	6.40869
178.200	6.31714
178.300	6.40869
178.400	6.37817
178.500	6.16455
178.600	6.28662
178.700	6.22559
178.800	6.31714
178.900	6.16455
179.000	6.13403
179.100	6.13403
179.200	6.01196
179.300	6.07300
179.400	5.95093
179.500	5.92041
179.600	5.98145
179.700	5.88989
179.800	5.85938
179.900	5.85938
180.000	5.85938
180.100	5.85938
180.200	5.70679
180.300	5.76782
180.400	5.79834
180.500	5.67627
180.600	5.73730
180.700	5.64575
180.800	5.67627
180.900	5.61523
181.000	5.49316
181.100	5.55420
181.200	5.43213
181.300	5.49316
181.400	5.37109
181.500	5.27954
181.600	5.34058
181.700	5.18799
181.800	5.21851
181.900	5.21851
182.000	5.12695
182.100	5.24902
182.200	5.15747
182.300	5.09644
182.400	5.06592
182.500	4.94385
182.600	5.00488
182.700	4.97437
182.800	4.91333
182.900	4.94385
183.000	4.76074
183.100	4.85229
183.200	4.79126
183.300	4.69971
183.400	4.76074
183.500	4.48608
183.600	4.66919
183.700	4.57764
183.800	4.48608
183.900	4.54712
184.000	4.42505
184.100	4.45557
184.200	4.42505
184.300	4.21143
184.400	4.33350
184.500	4.24194
184.600	4.21143
184.700	4.30298
184.800	4.15039
184.900	4.21143
185.000	4.08936
185.100	4.05884
185.200	4.08936
185.300	3.96729
185.400	4.02832
185.500	3.87573
185.600	3.96729
185.700	3.99780
185.800	3.78418
185.900	3.81470
186.000	3.75366
186.100	3.75366
186.200	3.75366
186.300	3.63159
186.400	3.72314
186.500	3.60107
186.600	3.50952
186.700	3.63159
186.800	3.44849
186.900	3.47900
187.000	3.41797
187.100	3.35693
187.200	3.47900
187.300	3.32642
187.400	3.35693
187.500	3.26538
187.600	3.23486
187.700	3.26538
187.800	3.08228
187.900	3.23486
188.000	3.17383
188.100	3.05176
188.200	3.11279
188.300	2.96021
188.400	3.02124
188.500	2.99072
188.600	2.86865
188.700	2.96021
188.800	2.80762
188.900	2.83813
189.000	2.86865
189.100	2.71606
189.200	2.77710
189.300	2.62451
189.400	2.74658
189.500	2.59399
189.600	2.56348
189.700	2.65503
189.800	2.53296
189.900	2.56348
190.000	2.53296
190.100	2.34985
190.200	2.44141
190.300	2.22778
190.400	2.28882
190.500	2.25830
190.600	2.13623
190.700	2.22778
190.800	2.10571
190.900	2.07520
191.000	2.13623
191.100	1.92261
191.200	2.10571
191.300	1.92261
191.400	1.92261
191.500	1.95313
191.600	1.77002
191.700	1.92261
191.800	1.80054
191.900	1.77002
192.000	1.80054
192.100	1.61743
192.200	1.67847
192.300	1.58691
192.400	1.49536
192.500	1.55640
192.600	1.40381
192.700	1.52588
192.800	1.55640
192.900	1.31226
193.000	1.40381
193.100	1.25122
193.200	1.25122
193.300	1.19019
193.400	1.12915
193.500	1.19019
193.600	1.03760
193.700	1.06812
193.800	1.00708
193.900	0.94604
194.000	0.94604
194.100	0.82397
194.200	0.82397
194.300	0.82397
194.400	0.70190
194.500	0.76294
194.600	0.64087
194.700	0.61035
194.800	0.61035
194.900	0.39673
195.000	0.48828
195.100	0.36621
195.200	0.36621
195.300	0.39673
195.400	0.21362
195.500	0.36621
195.600	0.21362
195.700	0.15259
195.800	0.18311
195.900	0.09155
196.000	0.12207
196.100	0.06104
196.200	-0.03052
196.300	-0.06104
196.400	-0.18311
196.500	-0.12207
196.600	-0.27466
196.700	-0.24414
196.800	-0.27466
196.900	-0.42725
197.000	-0.42725
197.100	-0.54932
197.200	-0.51880
197.300	-0.51880
197.400	-0.61035
197.500	-0.54932
197.600	-0.70190
197.700	-0.70190
197.800	-0.70190
197.900	-0.82397
198.000	-0.85449
198.100	-0.94604
198.200	-1.03760
198.300	-0.91553
198.400	-1.12915
198.500	-1.00708
198.600	-1.12915
198.700	-1.22070
198.800	-1.15967
198.900	-1.31226
199.000	-1.22070
199.100	-1.31226
199.200	-1.43433
199.300	-1.37329
199.400	-1.52588
199.500	-1.55640
199.600	-1.55640
199.700	-1.73950
199.800	-1.61743
199.900	-1.80054
200.000	-1.77002
200.100	-1.73950
200.200	-1.89209
200.300	-1.80054
200.400	-1.95313
200.500	-1.95313
200.600	-1.98364
200.700	-2.13623
200.800	-2.04468
200.900	-2.19727
201.000	-2.28882
201.100	-2.25830
201.200	-2.34985
201.300	-2.34985
201.400	-2.41089
201.500	-2.50244
201.600	-2.44141
201.700	-2.62451
201.800	-2.62451
201.900	-2.65503
202.000	-2.74658
202.100	-2.68555
202.200	-2.89917
202.300	-2.83813
202.400	-2.86865
202.500	-3.02124
202.600	-2.96021
202.700	-3.11279
202.800	-3.05176
202.900	-3.11279
203.000	-3.23486
203.100	-3.17383
203.200	-3.26538
203.300	-3.32642
203.400	-3.32642
203.500	-3.50952
203.600	-3.41797
203.700	-3.60107
203.800	-3.60107
203.900	-3.66211
204.000	-3.72314
204.100	-3.66211
204.200	-3.81470
204.300	-3.75366
204.400	-3.78418
204.500	-3.99780
204.600	-3.93677
204.700	-4.05884
204.800	-4.08936
204.900	-4.15039
205.000	-4.24194
205.100	-4.27246
205.200	-4.36401
205.300	-4.39453
205.400	-4.39453
205.500	-4.54712
205.600	-4.54712
205.700	-4.60815
205.800	-4.66919
205.900	-4.60815
206.000	-4.82178
206.100	-4.76074
206.200	-4.88281
206.300	-4.91333
206.400	-4.88281
206.500	-5.03540
206.600	-5.00488
206.700	-5.15747
206.800	-5.21851
206.900	-5.18799
207.000	-5.27954
207.100	-5.24902
207.200	-5.40161
207.300	-5.46265
207.400	-5.43213
207.500	-5.61523
207.600	-5.64575
207.700	-5.67627
207.800	-5.85938
207.900	-5.76782
208.000	-5.95093
208.100	-5.85938
208.200	-5.92041
208.300	-6.10352
208.400	-6.01196
208.500	-6.22559
208.600	-6.22559
208.700	-6.25610
208.800	-6.37817
208.900	-6.31714
209.000	-6.46973
209.100	-6.43921
209.200	-6.46973
209.300	-6.68335
209.400	-6.53076
209.500	-6.74438
209.600	-6.74438
209.700	-6.71387
209.800	-6.92749
209.900	-6.83594
210.000	-6.98853
210.100	-7.08008
210.200	-7.01904
210.300	-7.20215
210.400	-7.08008
210.500	-7.23267
210.600	-7.32422
210.700	-7.35474
210.800	-7.56836
210.900	-7.44629
211.000	-7.53784
211.100	-7.62939
211.200	-7.62939
211.300	-7.75146
211.400	-7.72095
211.500	-7.84302
211.600	-7.96509
211.700	-7.90405
211.800	-8.08716
211.900	-7.99561
212.000	-8.08716
212.100	-8.23975
212.200	-8.17871
212.300	-8.36182
212.400	-8.33130
212.500	-8.42285
212.600	-8.57544
212.700	-8.48389
212.800	-8.78906
212.900	-8.69751
213.000	-8.78906
213.100	-8.91113
213.200	-8.78906
213.300	-8.94165
213.400	-8.97217
213.500	-9.06372
213.600	-9.24683
213.700	-9.21631
213.800	-9.30786
213.900	-9.30786
214.000	-9.33838
214.100	-9.55200
214.200	-9.46045
214.300	-9.64355
214.400	-9.61304
214.500	-9.70459
214.600	-9.79614
214.700	-9.76563
214.800	-9.88770
214.900	-9.91821
215.000	-9.94873
215.100	-10.10132
215.200	-10.04028
215.300	-10.19287
215.400	-10.25391
215.500	-10.34546
215.600	-10.46753
215.700	-10.46753
215.800	-10.49805
215.900	-10.62012
216.000	-10.62012
216.100	-10.77271
216.200	-10.71167
216.300	-10.83374
216.400	-10.95581
216.500	-10.95581
216.600	-11.16943
216.700	-11.13892
216.800	-11.16943
216.900	-11.26099
217.000	-11.29150
217.100	-11.50513
217.200	-11.47461
217.300	-11.56616
217.400	-11.65771
217.500	-11.65771
217.600	-11.84082
217.700	-11.81030
217.800	-11.84082
217.900	-12.08496
218.000	-11.93237
218.100	-12.11548
218.200	-12.17651
218.300	-12.20703
218.400	-12.35962
218.500	-12.35962
218.600	-12.51221
218.700	-12.54272
218.800	-12.63428
218.900	-12.75635
219.000	-12.72583
219.100	-12.90894
219.200	-12.96997
219.300	-13.00049
219.400	-13.18359
219.500	-13.21411
219.600	-13.27515
219.700	-13.36670
219.800	-13.39722
219.900	-13.61084
220.000	-13.51929
220.100	-13.64136
220.200	-13.82446
220.300	-13.79395
220.400	-13.97705
220.500	-13.94653
220.600	-14.06860
220.700	-14.19067
220.800	-14.09912
220.900	-14.28223
221.000	-14.31274
221.100	-14.40430
221.200	-14.52637
221.300	-14.55688
221.400	-14.70947
221.500	-14.73999
221.600	-14.89258
221.700	-14.95361
221.800	-14.92310
221.900	-15.13672
222.000	-15.13672
222.100	-15.22827
222.200	-15.35034
222.300	-15.38086
222.400	-15.50293
222.500	-15.53345
222.600	-15.62500
222.700	-15.77759
222.800	-15.77759
222.900	-15.93018
223.000	-16.05225
223.100	-16.02173
223.200	-16.20483
223.300	-16.14380
223.400	-16.35742
223.500	-16.32690
223.600	-16.47949
223.700	-16.57104
223.800	-16.60156
223.900	-16.75415
224.000	-16.84570
224.100	-16.81519
224.200	-17.02881
224.300	-17.02881
224.400	-17.21191
224.500	-17.27295
224.600	-17.27295
224.700	-17.51709
224.800	-17.42554
224.900	-17.60864
225.000	-17.66968
225.100	-17.63916
225.200	-17.85278
225.300	-17.85278
225.400	-18.03589
225.500	-18.09692
225.600	-18.09692
225.700	-18.34106
225.800	-18.31055
225.900	-18.37158
226.000	-18.49365
226.100	-18.52417
226.200	-18.76831
226.300	-18.79883
226.400	-18.85986
226.500	-19.07349
226.600	-18.95142
226.700	-19.13452
226.800	-19.25659
226.900	-19.31763
227.000	-19.47021
227.100	-19.47021
227.200	-19.62280
227.300	-19.71436
227.400	-19.74487
227.500	-19.92798
227.600	-19.86694
227.700	-20.05005
227.800	-20.14160
227.900	-20.20264
228.000	-20.38574
228.100	-20.29419
228.200	-20.53833
228.300	-20.59937
228.400	-20.59937
228.500	-20.90454
228.600	-20.81299
228.700	-21.02661
228.800	-21.05713
228.900	-21.14868
229.000	-21.27075
229.100	-21.27075
229.200	-21.45386
229.300	-21.51489
229.400	-21.60645
229.500	-21.78955
229.600	-21.82007
229.700	-21.85059
229.800	-22.03369
229.900	-22.06421
230.000	-22.21680
230.100	-22.24731
230.200	-22.33887
230.300	-22.49146
230.400	-22.55249
230.500	-22.73560
230.600	-22.73560
230.700	-22.82715
230.800	-23.04077
230.900	-22.97974
231.000	-23.22388
231.100	-23.25439
231.200	-23.40698
231.300	-23.49854
231.400	-23.52905
231.500	-23.68164
231.600	-23.71216
231.700	-23.86475
231.800	-24.04785
231.900	-24.01733
232.000	-24.26147
232.100	-24.32251
232.200	-24.44458
232.300	-24.59717
232.400	-24.62769
232.500	-24.87183
232.600	-24.93286
232.700	-24.96338
232.800	-25.17700
232.900	-25.11597
233.000	-25.45166
233.100	-25.42114
233.200	-25.51270
233.300	-25.75684
233.400	-25.69580
233.500	-26.00098
233.600	-26.03149
233.700	-26.09253
233.800	-26.30615
233.900	-26.30615
234.000	-26.55029
234.100	-26.64185
234.200	-26.67236
234.300	-27.00806
234.400	-26.97754
234.500	-27.13013
234.600	-27.28271
234.700	-27.25220
234.800	-27.58789
234.900	-27.55737
235.000	-27.74048
235.100	-27.86255
235.200	-27.89307
235.300	-28.16772
235.400	-28.16772
235.500	-28.35083
235.600	-28.47290
235.700	-28.53394
235.800	-28.83911
235.900	-28.83911
236.000	-28.90015
236.100	-29.11377
236.200	-29.17480
236.300	-29.35791
236.400	-29.44946
236.500	-29.57153
236.600	-29.81567
236.700	-29.81567
236.800	-29.99878
236.900	-30.05981
237.000	-30.18188
237.100	-30.39551
237.200	-30.42603
237.300	-30.63965
237.400	-30.73120
237.500	-30.88379
237.600	-31.00586
237.700	-31.00586
237.800	-31.34155
237.900	-31.37207
238.000	-31.49414
238.100	-31.76880
238.200	-31.79932
238.300	-31.95190
238.400	-32.10449
238.500	-32.16553
238.600	-32.37915
238.700	-32.37915
238.800	-32.59277
238.900	-32.71484
239.000	-32.83691
239.100	-33.11157
239.200	-33.17261
239.300	-33.35571
239.400	-33.38623
239.500	-33.50830
239.600	-33.69141
239.700	-33.78296
239.800	-34.02710
239.900	-34.21021
240.000	-34.21021
240.100	-34.45435
240.200	-34.51538
240.300	-34.75952
240.400	-34.85107
240.500	-34.91211
240.600	-35.15625
240.700	-35.21729
240.800	-35.43091
240.900	-35.58350
241.000	-35.61401
241.100	-35.82764
241.200	-35.98022
241.300	-36.04126
241.400	-36.34644
241.500	-36.31592
241.600	-36.62109
241.700	-36.65161
241.800	-36.86523
241.900	-37.07886
242.000	-37.13989
242.100	-37.38403
242.200	-37.41455
242.300	-37.59766
242.400	-37.81128
242.500	-37.84180
242.600	-38.05542
242.700	-38.20801
242.800	-38.36060
242.900	-38.63525
243.000	-38.66577
243.100	-38.87939
243.200	-39.03198
243.300	-39.12354
243.400	-39.42871
243.500	-39.45923
243.600	-39.67285
243.700	-39.79492
243.800	-39.88647
243.900	-40.25269
244.000	-40.25269
244.100	-40.46631
244.200	-40.71045
244.300	-40.80200
244.400	-41.04614
244.500	-41.16821
244.600	-41.35132
244.700	-41.56494
244.800	-41.62598
244.900	-41.87012
245.000	-42.05322
245.100	-42.20581
245.200	-42.38892
245.300	-42.44995
245.400	-42.75513
245.500	-42.87720
245.600	-43.09082
245.700	-43.36548
245.800	-43.39600
245.900	-43.76221
246.000	-43.85376
246.100	-44.00635
246.200	-44.28101
246.300	-44.31152
246.400	-44.58618
246.500	-44.86084
246.600	-44.98291
246.700	-45.25757
246.800	-45.34912
246.900	-45.62378
247.000	-45.80688
247.100	-45.86792
247.200	-46.26465
247.300	-46.23413
247.400	-46.60034
247.500	-46.75293
247.600	-46.90552
247.700	-47.24121
247.800	-47.30225
247.900	-47.57690
248.000	-47.76001
248.100	-47.94312
248.200	-48.24829
248.300	-48.30933
248.400	-48.55347
248.500	-48.79761
248.600	-48.91968
248.700	-49.22485
248.800	-49.34692
248.900	-49.59106
249.000	-49.86572
249.100	-49.92676
249.200	-50.29297
249.300	-50.38452
249.400	-50.68970
249.500	-50.87280
249.600	-51.02539
249.700	-51.36108
249.800	-51.45264
249.900	-51.75781
250.000	-52.00195
250.100	-52.12402
250.200	-52.42920
250.300	-52.55127
250.400	-52.82593
250.500	-53.03955
250.600	-53.22266
250.700	-53.52783
250.800	-53.68042
250.900	-53.92456
251.000	-54.19922
251.100	-54.26025
251.200	-54.65698
251.300	-54.84009
251.400	-55.05371
251.500	-55.38940
251.600	-55.45044
251.700	-55.78613
251.800	-56.03027
251.900	-56.18286
252.000	-56.48804
252.100	-56.57959
252.200	-56.91528
252.300	-57.12891
252.400	-57.31201
252.500	-57.73926
252.600	-57.86133
252.700	-58.07495
252.800	-58.38013
252.900	-58.53271
253.000	-58.80737
253.100	-58.95996
253.200	-59.14307
253.300	-59.53979
253.400	-59.60083
253.500	-59.96704
253.600	-60.11963
253.700	-60.42480
253.800	-60.72998
253.900	-60.85205
254.000	-61.21826
254.100	-61.30981
254.200	-61.52344
254.300	-61.85913
254.400	-61.95068
254.500	-62.37793
254.600	-62.46948
254.700	-62.74414
254.800	-63.04932
254.900	-63.11035
255.000	-63.50708
255.100	-63.59863
255.200	-63.87329
255.300	-64.08691
255.400	-64.20898
255.500	-64.60571
255.600	-64.81934
255.700	-65.03296
255.800	-65.30762
255.900	-65.46021
256.000	-65.73486
256.100	-65.91797
256.200	-66.07056
256.300	-66.34521
256.400	-66.46729
256.500	-66.83350
256.600	-66.98608
256.700	-67.19971
256.800	-67.47437
256.900	-67.56592
257.000	-67.77954
257.100	-68.05420
257.200	-68.17627
257.300	-68.48145
257.400	-68.60352
257.500	-68.90869
257.600	-69.06128
257.700	-69.24438
257.800	-69.51904
257.900	-69.54956
258.000	-69.88525
258.100	-69.97681
258.200	-70.15991
258.300	-70.49561
258.400	-70.58716
258.500	-70.83130
258.600	-70.89233
258.700	-71.04492
258.800	-71.38062
258.900	-71.44165
259.000	-71.59424
259.100	-71.83838
259.200	-71.96045
259.300	-72.20459
259.400	-72.29614
259.500	-72.47925
259.600	-72.69287
259.700	-72.78442
259.800	-73.05908
259.900	-73.05908
260.000	-73.24219
260.100	-73.42529
260.200	-73.45581
260.300	-73.76099
260.400	-73.82202
260.500	-73.94409
260.600	-74.18823
260.700	-74.21875
260.800	-74.49341
260.900	-74.49341
261.000	-74.67651
261.100	-74.82910
261.200	-74.92065
261.300	-75.10376
261.400	-75.22583
261.500	-75.34790
261.600	-75.50049
261.700	-75.53101
261.800	-75.77515
261.900	-75.80566
262.000	-75.86670
262.100	-76.04980
262.200	-76.11084
262.300	-76.32446
262.400	-76.35498
262.500	-76.44653
262.600	-76.56860
262.700	-76.59912
262.800	-76.78223
262.900	-76.81274
263.000	-76.87378
263.100	-77.14844
263.200	-77.11792
263.300	-77.23999
263.400	-77.30103
263.500	-77.30103
263.600	-77.51465
263.700	-77.51465
263.800	-77.69775
263.900	-77.85034
264.000	-77.85034
264.100	-77.97241
264.200	-77.97241
264.300	-78.09448
264.400	-78.21655
264.500	-78.24707
264.600	-78.39966
264.700	-78.39966
264.800	-78.43018
264.900	-78.55225
265.000	-78.55225
265.100	-78.70483
265.200	-78.79639
265.300	-78.79639
265.400	-78.97949
265.500	-78.88794
265.600	-79.01001
265.700	-79.04053
265.800	-79.07104
265.900	-79.25415
266.000	-79.22363
266.100	-79.40674
266.200	-79.37622
266.300	-79.43726
266.400	-79.49829
266.500	-79.49829
266.600	-79.62036
266.700	-79.65088
266.800	-79.68140
266.900	-79.74243
267.000	-79.71191
267.100	-79.86450
267.200	-79.86450
267.300	-79.89502
267.400	-80.01709
267.500	-79.95605
267.600	-80.04761
267.700	-80.13916
267.800	-80.10864
267.900	-80.26123
268.000	-80.23071
268.100	-80.23071
268.200	-80.29175
268.300	-80.29175
268.400	-80.38330
268.500	-80.41382
268.600	-80.50537
268.700	-80.53589
268.800	-80.50537
268.900	-80.56641
269.000	-80.56641
269.100	-80.56641
269.200	-80.68848
269.300	-80.62744
269.400	-80.78003
269.500	-80.74951
269.600	-80.74951
269.700	-80.84106
269.800	-80.84106
269.900	-80.90210
270.000	-80.87158
270.100	-80.87158
270.200	-80.93262
270.300	-80.90210
270.400	-81.02417
270.500	-80.99365
270.600	-80.96313
270.700	-81.11572
270.800	-81.05469
270.900	-81.14624
271.000	-81.17676
271.100	-81.14624
271.200	-81.23779
271.300	-81.14624
271.400	-81.20728
271.500	-81.20728
271.600	-81.14624
271.700	-81.29883
271.800	-81.23779
271.900	-81.26831
272.000	-81.32935
272.100	-81.35986
272.200	-81.45142
272.300	-81.35986
272.400	-81.42090
272.500	-81.48193
272.600	-81.35986
272.700	-81.51245
272.800	-81.39038
272.900	-81.51245
273.000	-81.48193
273.100	-81.51245
273.200	-81.57349
273.300	-81.57349
273.400	-81.57349
273.500	-81.60400
273.600	-81.57349
273.700	-81.63452
273.800	-81.51245
273.900	-81.57349
274.000	-81.60400
274.100	-81.45142
274.200	-81.60400
274.300	-81.54297
274.400	-81.60400
274.500	-81.60400
274.600	-81.57349
274.700	-81.66504
274.800	-81.60400
274.900	-81.63452
275.000	-81.72607
275.100	-81.63452
275.200	-81.69556
275.300	-81.63452
275.400	-81.75659
275.500	-81.75659
275.600	-81.66504
275.700	-81.81763
275.800	-81.72607
275.900	-81.69556
276.000	-81.84814
276.100	-81.69556
276.200	-81.72607
276.300	-81.78711
276.400	-81.75659
276.500	-81.84814
276.600	-81.81763
276.700	-81.78711
276.800	-81.84814
276.900	-81.84814
277.000	-81.84814
277.100	-81.78711
277.200	-81.81763
277.300	-81.90918
277.400	-81.75659
277.500	-81.87866
277.600	-81.87866
277.700	-81.84814
277.800	-81.93970
277.900	-81.84814
278.000	-81.93970
278.100	-81.93970
278.200	-81.93970
278.300	-81.97021
278.400	-81.93970
278.500	-82.03125
278.600	-81.90918
278.700	-81.93970
278.800	-82.00073
278.900	-81.93970
279.000	-82.00073
279.100	-81.93970
279.200	-81.93970
279.300	-82.00073
279.400	-81.90918
279.500	-81.97021
279.600	-82.00073
279.700	-81.97021
279.800	-82.00073
279.900	-81.97021
280.000	-82.06177
280.100	-82.12280
280.200	-82.03125
280.300	-82.12280
280.400	-82.00073
280.500	-82.09229
280.600	-82.06177
280.700	-82.09229
280.800	-82.12280
280.900	-82.03125
281.000	-82.18384
281.100	-82.12280
281.200	-82.12280
281.300	-82.12280
281.400	-82.09229
281.500	-82.12280
281.600	-82.15332
281.700	-82.09229
281.800	-82.15332
281.900	-82.06177
282.000	-82.12280
282.100	-82.12280
282.200	-82.12280
282.300	-82.21436
282.400	-82.15332
282.500	-82.21436
282.600	-82.18384
282.700	-82.18384
282.800	-82.21436
282.900	-82.18384
283.000	-82.24487
283.100	-82.24487
283.200	-82.21436
283.300	-82.24487
283.400	-82.18384
283.500	-82.24487
283.600	-82.24487
283.700	-82.24487
283.800	-82.24487
283.900	-82.27539
284.000	-82.27539
284.100	-82.30591
284.200	-82.21436
284.300	-82.30591
284.400	-82.30591
284.500	-82.21436
284.600	-82.36694
284.700	-82.21436
284.800	-82.30591
284.900	-82.33643
285.000	-82.21436
285.100	-82.33643
285.200	-82.30591
285.300	-82.42798
285.400	-82.36694
285.500	-82.30591
285.600	-82.45850
285.700	-82.33643
285.800	-82.39746
285.900	-82.36694
286.000	-82.30591
286.100	-82.30591
286.200	-82.30591
286.300	-82.36694
286.400	-82.42798
286.500	-82.33643
286.600	-82.36694
286.700	-82.30591
286.800	-82.39746
286.900	-82.42798
287.000	-82.42798
287.100	-82.45850
287.200	-82.39746
287.300	-82.39746
287.400	-82.39746
287.500	-82.42798
287.600	-82.45850
287.700	-82.39746
287.800	-82.51953
287.900	-82.45850
288.000	-82.42798
288.100	-82.55005
288.200	-82.45850
288.300	-82.45850
288.400	-82.58057
288.500	-82.45850
288.600	-82.55005
288.700	-82.45850
288.800	-82.42798
288.900	-82.48901
289.000	-82.42798
289.100	-82.48901
289.200	-82.42798
289.300	-82.42798
289.400	-82.48901
289.500	-82.39746
289.600	-82.45850
289.700	-82.51953
289.800	-82.42798
289.900	-82.48901
290.000	-82.51953
290.100	-82.48901
290.200	-82.48901
290.300	-82.39746
290.400	-82.48901
290.500	-82.45850
290.600	-82.51953
290.700	-82.58057
290.800	-82.48901
290.900	-82.51953
291.000	-82.45850
291.100	-82.45850
291.200	-82.48901
291.300	-82.51953
291.400	-82.48901
291.500	-82.45850
291.600	-82.45850
291.700	-82.48901
291.800	-82.45850
291.900	-82.45850
292.000	-82.45850
292.100	-82.42798
292.200	-82.45850
292.300	-82.48901
292.400	-82.48901
292.500	-82.42798
292.600	-82.48901
292.700	-82.48901
292.800	-82.39746
292.900	-82.55005
293.000	-82.45850
293.100	-82.39746
293.200	-82.55005
293.300	-82.39746
293.400	-82.51953
293.500	-82.45850
293.600	-82.42798
293.700	-82.45850
293.800	-82.42798
293.900	-82.45850
294.000	-82.39746
294.100	-82.42798
294.200	-82.48901
294.300	-82.45850
294.400	-82.48901
294.500	-82.55005
294.600	-82.42798
294.700	-82.58057
294.800	-82.39746
294.900	-82.51953
295.000	-82.58057
295.100	-82.48901
295.200	-82.61108
295.300	-82.51953
295.400	-82.48901
295.500	-82.55005
295.600	-82.42798
295.700	-82.51953
295.800	-82.48901
295.900	-82.48901
296.000	-82.48901
296.100	-82.48901
296.200	-82.51953
296.300	-82.51953
296.400	-82.58057
296.500	-82.55005
296.600	-82.48901
296.700	-82.51953
296.800	-82.51953
296.900	-82.58057
297.000	-82.51953
297.100	-82.51953
297.200	-82.55005
297.300	-82.51953
297.400	-82.55005
297.500	-82.55005
297.600	-82.48901
297.700	-82.55005
297.800	-82.48901
297.900	-82.55005
298.000	-82.51953
298.100	-82.55005
298.200	-82.55005
298.300	-82.55005
298.400	-82.55005
298.500	-82.61108
298.600	-82.55005
298.700	-82.64160
298.800	-82.61108
298.900	-82.55005
299.000	-82.58057
299.100	-82.55005
299.200	-82.58057
299.300	-82.61108
299.400	-82.61108
299.500	-82.55005
299.600	-82.58057
299.700	-82.51953
299.800	-82.48901
299.900	-82.51953
300.000	-82.51953
300.100	-82.58057
300.200	-82.58057
300.300	-82.55005
300.400	-82.55005
300.500	-82.55005
300.600	-82.58057
300.700	-82.58057
300.800	-82.61108
300.900	-82.58057
301.000	-82.61108
301.100	-82.58057
301.200	-82.61108
301.300	-82.58057
301.400	-82.58057
301.500	-82.70264
301.600	-82.61108
301.700	-82.67212
301.800	-82.61108
301.900	-82.64160
302.000	-82.61108
302.100	-82.61108
302.200	-82.67212
302.300	-82.67212
302.400	-82.61108
302.500	-82.61108
302.600	-82.67212
302.700	-82.64160
302.800	-82.64160
302.900	-82.58057
303.000	-82.64160
303.100	-82.64160
303.200	-82.64160
303.300	-82.70264
303.400	-82.67212
303.500	-82.61108
303.600	-82.61108
303.700	-82.58057
303.800	-82.67212
303.900	-82.67212
304.000	-82.70264
304.100	-82.61108
304.200	-82.67212
304.300	-82.70264
304.400	-82.64160
304.500	-82.67212
304.600	-82.67212
304.700	-82.64160
304.800	-82.67212
304.900	-82.67212
305.000	-82.61108
305.100	-82.61108
305.200	-82.55005
305.300	-82.64160
305.400	-82.67212
305.500	-82.64160
305.600	-82.70264
305.700	-82.58057
305.800	-82.70264
305.900	-82.61108
306.000	-82.64160
306.100	-82.61108
306.200	-82.58057
306.300	-82.58057
306.400	-82.64160
306.500	-82.61108
306.600	-82.76367
306.700	-82.70264
306.800	-82.73315
306.900	-82.73315
307.000	-82.70264
307.100	-82.64160
307.200	-82.58057
307.300	-82.64160
307.400	-82.67212
307.500	-82.64160
307.600	-82.64160
307.700	-82.67212
307.800	-82.67212
307.900	-82.67212
308.000	-82.64160
308.100	-82.64160
308.200	-82.67212
308.300	-82.73315
308.400	-82.73315
308.500	-82.64160
308.600	-82.64160
308.700	-82.70264
308.800	-82.61108
308.900	-82.67212
309.000	-82.64160
309.100	-82.67212
309.200	-82.73315
309.300	-82.67212
309.400	-82.73315
309.500	-82.64160
309.600	-82.67212
309.700	-82.64160
309.800	-82.64160
309.900	-82.67212
310.000	-82.70264
310.100	-82.70264
310.200	-82.67212
310.300	-82.67212
310.400	-82.67212
310.500	-82.73315
310.600	-82.70264
310.700	-82.73315
310.800	-82.67212
310.900	-82.79419
311.000	-82.67212
311.100	-82.73315
311.200	-82.67212
311.300	-82.70264
311.400	-82.67212
311.500	-82.67212
311.600	-82.67212
311.700	-82.73315
311.800	-82.67212
311.900	-82.76367
312.000	-82.67212
312.100	-82.76367
312.200	-82.70264
312.300	-82.79419
312.400	-82.73315
312.500	-82.67212
312.600	-82.79419
312.700	-82.76367
312.800	-82.70264
312.900	-82.73315
313.000	-82.64160
313.100	-82.73315
313.200	-82.76367
313.300	-82.70264
313.400	-82.82471
313.500	-82.70264
313.600	-82.67212
313.700	-82.70264
313.800	-82.67212
313.900	-82.79419
314.000	-82.67212
314.100	-82.79419
314.200	-82.76367
314.300	-82.73315
314.400	-82.76367
314.500	-82.73315
314.600	-82.67212
314.700	-82.79419
314.800	-82.73315
314.900	-82.76367
315.000	-82.73315
315.100	-82.73315
315.200	-82.76367
315.300	-82.67212
315.400	-82.73315
315.500	-82.73315
315.600	-82.73315
315.700	-82.76367
315.800	-82.70264
315.900	-82.76367
316.000	-82.82471
316.100	-82.76367
316.200	-82.76367
316.300	-82.73315
316.400	-82.76367
316.500	-82.79419
316.600	-82.70264
316.700	-82.79419
316.800	-82.67212
316.900	-82.70264
317.000	-82.79419
317.100	-82.73315
317.200	-82.73315
317.300	-82.82471
317.400	-82.79419
317.500	-82.76367
317.600	-82.73315
317.700	-82.79419
317.800	-82.76367
317.900	-82.79419
318.000	-82.76367
318.100	-82.76367
318.200	-82.79419
318.300	-82.73315
318.400	-82.79419
318.500	-82.76367
318.600	-82.73315
318.700	-82.82471
318.800	-82.82471
318.900	-82.79419
319.000	-82.79419
319.100	-82.76367
319.200	-82.79419
319.300	-82.76367
319.400	-82.82471
319.500	-82.82471
319.600	-82.85522
319.700	-82.85522
319.800	-82.85522
319.900	-82.85522
320.000	-82.85522
320.100	-82.76367
320.200	-82.82471
320.300	-82.82471
320.400	-82.85522
320.500	-82.85522
320.600	-82.82471
320.700	-82.79419
320.800	-82.85522
320.900	-82.82471
321.000	-82.79419
321.100	-82.82471
321.200	-82.79419
321.300	-82.79419
321.400	-82.85522
321.500	-82.82471
321.600	-82.79419
321.700	-82.85522
321.800	-82.76367
321.900	-82.82471
322.000	-82.82471
322.100	-82.79419
322.200	-82.79419
322.300	-82.79419
322.400	-82.79419
322.500	-82.79419
322.600	-82.79419
322.700	-82.79419
322.800	-82.85522
322.900	-82.82471
323.000	-82.85522
323.100	-82.79419
323.200	-82.76367
323.300	-82.85522
323.400	-82.82471
323.500	-82.82471
323.600	-82.76367
323.700	-82.76367
323.800	-82.73315
323.900	-82.79419
324.000	-82.79419
324.100	-82.82471
324.200	-82.76367
324.300	-82.79419
324.400	-82.79419
324.500	-82.76367
324.600	-82.79419
324.700	-82.73315
324.800	-82.82471
324.900	-82.73315
325.000	-82.79419
325.100	-82.82471
325.200	-82.82471
325.300	-82.82471
325.400	-82.76367
325.500	-82.79419
325.600	-82.76367
325.700	-82.70264
325.800	-82.79419
325.900	-82.76367
326.000	-82.73315
326.100	-82.76367
326.200	-82.82471
326.300	-82.76367
326.400	-82.76367
326.500	-82.82471
326.600	-82.79419
326.700	-82.76367
326.800	-82.79419
326.900	-82.76367
327.000	-82.76367
327.100	-82.79419
327.200	-82.88574
327.300	-82.73315
327.400	-82.79419
327.500	-82.76367
327.600	-82.82471
327.700	-82.82471
327.800	-82.76367
327.900	-82.85522
328.000	-82.79419
328.100	-82.79419
328.200	-82.70264
328.300	-82.76367
328.400	-82.79419
328.500	-82.76367
328.600	-82.79419
328.700	-82.73315
328.800	-82.79419
328.900	-82.79419
329.000	-82.76367
329.100	-82.79419
329.200	-82.70264
329.300	-82.79419
329.400	-82.85522
329.500	-82.82471
329.600	-82.79419
329.700	-82.76367
329.800	-82.82471
329.900	-82.85522
330.000	-82.79419
330.100	-82.82471
330.200	-82.82471
330.300	-82.79419
330.400	-82.88574
330.500	-82.73315
330.600	-82.82471
330.700	-82.79419
330.800	-82.79419
330.900	-82.79419
331.000	-82.79419
331.100	-82.85522
331.200	-82.82471
331.300	-82.79419
331.400	-82.82471
331.500	-82.82471
331.600	-82.82471
331.700	-82.76367
331.800	-82.79419
331.900	-82.82471
332.000	-82.79419
332.100	-82.82471
332.200	-82.85522
332.300	-82.79419
332.400	-82.85522
332.500	-82.79419
332.600	-82.82471
332.700	-82.85522
332.800	-82.82471
332.900	-82.88574
333.000	-82.82471
333.100	-82.88574
333.200	-82.82471
333.300	-82.82471
333.400	-82.94678
333.500	-82.85522
333.600	-82.82471
333.700	-82.88574
333.800	-82.82471
333.900	-82.94678
334.000	-82.88574
334.100	-82.85522
334.200	-82.94678
334.300	-82.85522
334.400	-82.91626
334.500	-82.97729
334.600	-82.85522
334.700	-82.88574
334.800	-82.94678
334.900	-82.91626
335.000	-82.91626
335.100	-82.91626
335.200	-82.91626
335.300	-82.88574
335.400	-82.88574
335.500	-82.94678
335.600	-82.91626
335.700	-82.88574
335.800	-82.91626
335.900	-82.94678
336.000	-82.91626
336.100	-82.88574
336.200	-82.97729
336.300	-82.94678
336.400	-82.91626
336.500	-82.91626
336.600	-82.94678
336.700	-82.94678
336.800	-82.91626
336.900	-82.88574
337.000	-82.88574
337.100	-82.97729
337.200	-82.88574
337.300	-82.94678
337.400	-82.91626
337.500	-82.88574
337.600	-82.91626
337.700	-82.88574
337.800	-82.85522
337.900	-82.88574
338.000	-82.88574
338.100	-82.91626
338.200	-82.94678
338.300	-82.85522
338.400	-82.88574
338.500	-82.88574
338.600	-82.94678
338.700	-82.97729
338.800	-82.88574
338.900	-82.97729
339.000	-82.88574
339.100	-82.91626
339.200	-82.88574
339.300	-82.88574
339.400	-82.88574
339.500	-82.91626
339.600	-82.82471
339.700	-82.85522
339.800	-82.88574
339.900	-82.91626
340.000	-82.88574
340.100	-82.91626
340.200	-82.88574
340.300	-82.91626
340.400	-82.88574
340.500	-82.94678
340.600	-82.91626
340.700	-82.97729
340.800	-82.88574
340.900	-82.91626
341.000	-82.88574
341.100	-82.85522
341.200	-82.91626
341.300	-82.88574
341.400	-82.91626
341.500	-82.91626
341.600	-82.91626
341.700	-82.94678
341.800	-82.91626
341.900	-82.88574
342.000	-82.94678
342.100	-82.85522
342.200	-82.88574
342.300	-82.91626
342.400	-82.85522
342.500	-82.91626
342.600	-82.88574
342.700	-82.85522
342.800	-82.88574
342.900	-82.88574
343.000	-82.88574
343.100	-82.91626
343.200	-82.85522
343.300	-82.91626
343.400	-82.88574
343.500	-82.85522
343.600	-82.88574
343.700	-82.91626
343.800	-82.88574
343.900	-82.88574
344.000	-82.85522
344.100	-82.97729
344.200	-82.88574
344.300	-82.94678
344.400	-82.88574
344.500	-82.91626
344.600	-82.91626
344.700	-82.94678
344.800	-82.97729
344.900	-83.03833
345.000	-82.91626
345.100	-82.91626
345.200	-82.94678
345.300	-82.94678
345.400	-82.94678
345.500	-82.91626
345.600	-82.97729
345.700	-82.91626
345.800	-82.91626
345.900	-82.94678
346.000	-82.91626
346.100	-82.91626
346.200	-82.91626
346.300	-82.88574
346.400	-82.88574
346.500	-82.97729
346.600	-82.94678
346.700	-82.91626
346.800	-82.94678
346.900	-82.91626
347.000	-82.94678
347.100	-82.91626
347.200	-82.94678
347.300	-82.85522
347.400	-82.88574
347.500	-82.85522
347.600	-82.88574
347.700	-82.91626
347.800	-82.94678
347.900	-82.91626
348.000	-82.91626
348.100	-82.94678
348.200	-82.91626
348.300	-82.91626
348.400	-82.94678
348.500	-82.88574
348.600	-83.00781
348.700	-82.91626
348.800	-82.94678
348.900	-82.91626
349.000	-82.94678
349.100	-82.94678
349.200	-82.85522
349.300	-82.91626
349.400	-82.97729
349.500	-82.88574
349.600	-82.94678
349.700	-82.97729
349.800	-82.91626
349.900	-82.91626
350.000	-82.91626
350.100	-82.94678
350.200	-83.00781
350.300	-82.91626
350.400	-83.00781
350.500	-82.97729
350.600	-83.00781
350.700	-82.97729
350.800	-83.00781
350.900	-83.00781
351.000	-82.94678
351.100	-83.00781
351.200	-82.94678
351.300	-82.91626
351.400	-83.03833
351.500	-82.94678
351.600	-82.91626
351.700	-83.00781
351.800	-82.91626
351.900	-82.94678
352.000	-83.03833
352.100	-83.00781
352.200	-83.00781
352.300	-82.97729
352.400	-83.09937
352.500	-82.97729
352.600	-82.97729
352.700	-82.94678
352.800	-82.94678
352.900	-82.97729
353.000	-82.97729
353.100	-82.97729
353.200	-83.03833
353.300	-83.00781
353.400	-82.97729
353.500	-83.03833
353.600	-82.94678
353.700	-82.97729
353.800	-82.97729
353.900	-83.03833
354.000	-83.00781
354.100	-82.91626
354.200	-83.03833
354.300	-82.97729
354.400	-82.94678
354.500	-83.03833
354.600	-82.91626
354.700	-83.00781
354.800	-83.00781
354.900	-83.03833
355.000	-83.06885
355.100	-82.94678
355.200	-82.91626
355.300	-82.97729
355.400	-82.97729
355.500	-83.03833
355.600	-83.00781
355.700	-83.06885
355.800	-83.03833
355.900	-83.03833
356.000	-82.94678
356.100	-82.97729
356.200	-82.97729
356.300	-83.00781
356.400	-82.97729
356.500	-83.03833
356.600	-82.97729
356.700	-82.94678
356.800	-82.88574
356.900	-83.00781
357.000	-82.97729
357.100	-83.00781
357.200	-83.00781
357.300	-82.91626
357.400	-82.88574
357.500	-82.91626
357.600	-82.97729
357.700	-83.00781
357.800	-83.00781
357.900	-82.94678
358.000	-82.97729
358.100	-82.94678
358.200	-82.97729
358.300	-83.00781
358.400	-82.94678
358.500	-82.94678
358.600	-82.91626
358.700	-82.94678
358.800	-83.03833
358.900	-82.88574
359.000	-82.94678
359.100	-82.97729
359.200	-82.97729
359.300	-82.94678
359.400	-82.94678
359.500	-83.03833
359.600	-82.94678
359.700	-83.03833
359.800	-82.97729
359.900	-82.91626
360.000	-83.00781
360.100	-82.94678
360.200	-82.97729
360.300	-83.00781
360.400	-82.94678
360.500	-83.00781
360.600	-82.97729
360.700	-83.03833
360.800	-83.00781
360.900	-83.03833
361.000	-83.03833
361.100	-83.00781
361.200	-82.94678
361.300	-83.00781
361.400	-83.03833
361.500	-83.06885
361.600	-83.09937
361.700	-83.00781
361.800	-83.06885
361.900	-83.00781
362.000	-83.03833
362.100	-83.00781
362.200	-82.97729
362.300	-83.06885
362.400	-83.03833
362.500	-83.00781
362.600	-83.03833
362.700	-82.97729
362.800	-83.06885
362.900	-83.03833
363.000	-83.06885
363.100	-83.03833
363.200	-82.97729
363.300	-83.16040
363.400	-82.97729
363.500	-83.03833
363.600	-83.03833
363.700	-83.00781
363.800	-83.09937
363.900	-83.03833
364.000	-83.09937
364.100	-83.16040
364.200	-83.09937
364.300	-83.12988
364.400	-83.09937
364.500	-83.06885
364.600	-83.09937
364.700	-83.09937
364.800	-83.19092
364.900	-83.09937
365.000	-83.16040
365.100	-83.09937
365.200	-83.06885
365.300	-83.09937
365.400	-83.06885
365.500	-83.03833
365.600	-83.09937
365.700	-83.06885
365.800	-83.09937
365.900	-83.09937
366.000	-83.09937
366.100	-83.09937
366.200	-83.03833
366.300	-83.12988
366.400	-83.06885
366.500	-83.06885
366.600	-83.19092
366.700	-83.12988
366.800	-83.16040
366.900	-83.03833
367.000	-83.06885
367.100	-83.16040
367.200	-83.06885
367.300	-83.12988
367.400	-83.06885
367.500	-83.03833
367.600	-83.09937
367.700	-83.09937
367.800	-83.16040
367.900	-83.06885
368.000	-83.09937
368.100	-83.16040
368.200	-83.06885
368.300	-83.16040
368.400	-83.12988
368.500	-83.09937
368.600	-83.22144
368.700	-83.09937
368.800	-83.12988
368.900	-83.12988
369.000	-83.09937
369.100	-83.16040
369.200	-83.09937
369.300	-83.16040
369.400	-83.19092
369.500	-83.06885
369.600	-83.16040
369.700	-83.06885
369.800	-83.16040
369.900	-83.12988
370.000	-83.06885
370.100	-83.19092
370.200	-83.06885
370.300	-83.12988
370.400	-83.16040
370.500	-83.09937
370.600	-83.16040
370.700	-83.19092
370.800	-83.09937
370.900	-83.09937
371.000	-83.06885
371.100	-83.16040
371.200	-83.09937
371.300	-83.09937
371.400	-83.12988
371.500	-83.03833
371.600	-83.19092
371.700	-83.12988
371.800	-83.06885
371.900	-83.16040
372.000	-83.06885
372.100	-83.19092
372.200	-83.19092
372.300	-83.19092
372.400	-83.16040
372.500	-83.16040
372.600	-83.12988
372.700	-83.12988
372.800	-83.06885
372.900	-83.22144
373.000	-83.16040
373.100	-83.22144
373.200	-83.12988
373.300	-83.19092
373.400	-83.16040
373.500	-83.12988
373.600	-83.19092
373.700	-83.19092
373.800	-83.12988
373.900	-83.19092
374.000	-83.09937
374.100	-83.12988
374.200	-83.12988
374.300	-83.09937
374.400	-83.16040
374.500	-83.09937
374.600	-83.16040
374.700	-83.12988
374.800	-83.06885
374.900	-83.22144
375.000	-83.06885
375.100	-83.16040
375.200	-83.16040
375.300	-83.16040
375.400	-83.22144
375.500	-83.09937
375.600	-83.16040
375.700	-83.16040
375.800	-83.16040
375.900	-83.19092
376.000	-83.16040
376.100	-83.22144
376.200	-83.19092
376.300	-83.16040
376.400	-83.19092
376.500	-83.16040
376.600	-83.16040
376.700	-83.22144
376.800	-83.09937
376.900	-83.22144
377.000	-83.16040
377.100	-83.09937
377.200	-83.19092
377.300	-83.06885
377.400	-83.12988
377.500	-83.06885
377.600	-83.16040
377.700	-83.16040
377.800	-83.12988
377.900	-83.22144
378.000	-83.19092
378.100	-83.12988
378.200	-83.22144
378.300	-83.12988
378.400	-83.16040
378.500	-83.12988
378.600	-83.06885
378.700	-83.16040
378.800	-83.12988
378.900	-83.12988
379.000	-83.22144
379.100	-83.09937
379.200	-83.19092
379.300	-83.16040
379.400	-83.16040
379.500	-83.12988
379.600	-83.06885
379.700	-83.09937
379.800	-83.06885
379.900	-83.16040
380.000	-83.16040
380.100	-83.09937
380.200	-83.16040
380.300	-83.16040
380.400	-83.16040
380.500	-83.16040
380.600	-83.16040
380.700	-83.16040
380.800	-83.19092
380.900	-83.12988
381.000	-83.22144
381.100	-83.16040
381.200	-83.19092
381.300	-83.12988
381.400	-83.19092
381.500	-83.22144
381.600	-83.16040
381.700	-83.16040
381.800	-83.12988
381.900	-83.12988
382.000	-83.19092
382.100	-83.09937
382.200	-83.12988
382.300	-83.16040
382.400	-83.16040
382.500	-83.25195
382.600	-83.12988
382.700	-83.25195
382.800	-83.19092
382.900	-83.12988
383.000	-83.19092
383.100	-83.09937
383.200	-83.19092
383.300	-83.09937
383.400	-83.12988
383.500	-83.12988
383.600	-83.03833
383.700	-83.16040
383.800	-83.09937
383.900	-83.12988
384.000	-83.19092
384.100	-83.12988
384.200	-83.16040
384.300	-83.19092
384.400	-83.16040
384.500	-83.19092
384.600	-83.12988
384.700	-83.12988
384.800	-83.12988
384.900	-83.12988
385.000	-83.16040
385.100	-83.19092
385.200	-83.19092
385.300	-83.22144
385.400	-83.16040
385.500	-83.19092
385.600	-83.19092
385.700	-83.09937
385.800	-83.22144
385.900	-83.12988
386.000	-83.22144
386.100	-83.19092
386.200	-83.16040
386.300	-83.28247
386.400	-83.19092
386.500	-83.22144
386.600	-83.22144
386.700	-83.19092
386.800	-83.28247
386.900	-83.16040
387.000	-83.25195
387.100	-83.19092
387.200	-83.16040
387.300	-83.31299
387.400	-83.22144
387.500	-83.28247
387.600	-83.28247
387.700	-83.22144
387.800	-83.31299
387.900	-83.25195
388.000	-83.22144
388.100	-83.25195
388.200	-83.16040
388.300	-83.22144
388.400	-83.22144
388.500	-83.22144
388.600	-83.22144
388.700	-83.16040
388.800	-83.22144
388.900	-83.19092
389.000	-83.16040
389.100	-83.28247
389.200	-83.19092
389.300	-83.31299
389.400	-83.28247
389.500	-83.28247
389.600	-83.28247
389.700	-83.22144
389.800	-83.28247
389.900	-83.22144
390.000	-83.19092
390.100	-83.28247
390.200	-83.16040
390.300	-83.25195
390.400	-83.22144
390.500	-83.19092
390.600	-83.25195
390.700	-83.16040
390.800	-83.25195
390.900	-83.22144
391.000	-83.25195
391.100	-83.28247
391.200	-83.16040
391.300	-83.28247
391.400	-83.22144
391.500	-83.22144
391.600	-83.31299
391.700	-83.19092
391.800	-83.28247
391.900	-83.25195
392.000	-83.28247
392.100	-83.28247
392.200	-83.12988
392.300	-83.22144
392.400	-83.16040
392.500	-83.19092
392.600	-83.25195
392.700	-83.19092
392.800	-83.22144
392.900	-83.22144
393.000	-83.16040
393.100	-83.22144
393.200	-83.19092
393.300	-83.19092
393.400	-83.25195
393.500	-83.19092
393.600	-83.25195
393.700	-83.25195
393.800	-83.25195
393.900	-83.25195
394.000	-83.09937
394.100	-83.19092
394.200	-83.22144
394.300	-83.19092
394.400	-83.25195
394.500	-83.19092
394.600	-83.31299
394.700	-83.25195
394.800	-83.22144
394.900	-83.28247
395.000	-83.25195
395.100	-83.25195
395.200	-83.28247
395.300	-83.19092
395.400	-83.28247
395.500	-83.16040
395.600	-83.28247
395.700	-83.22144
395.800	-83.19092
395.900	-83.28247
396.000	-83.16040
396.100	-83.19092
396.200	-83.22144
396.300	-83.16040
396.400	-83.25195
396.500	-83.16040
396.600	-83.22144
396.700	-83.25195
396.800	-83.22144
396.900	-83.34351
397.000	-83.16040
397.100	-83.22144
397.200	-83.22144
397.300	-83.16040
397.400	-83.28247
397.500	-83.16040
397.600	-83.22144
397.700	-83.22144
397.800	-83.22144
397.900	-83.28247
398.000	-83.19092
398.100	-83.25195
398.200	-83.31299
398.300	-83.19092
398.400	-83.31299
398.500	-83.19092
398.600	-83.22144
398.700	-83.19092
398.800	-83.16040
398.900	-83.25195
399.000	-83.19092
399.100	-83.28247
399.200	-83.28247
399.300	-83.22144
399.400	-83.25195
399.500	-83.19092
399.600	-83.12988
399.700	-83.25195
399.800	-83.22144
399.900	-83.28247
