0	0	0	0	0	0	0	0	0	0	0	0	0	0	2.25e-314	5.22e-310	0	0	
0	-1	-1	54.1	-83.5	311	-2.05	-66.6	0	0.000772	9.26e-05	-100	0.5	-289	0.547	0.195	-1	-1	
200	57.8	13.8	49.9	-9.79	21.7	-3.93	11.7	0	0.000292	0.000292	-100	0	-4.03e-77	0.431	0.315	49.9	28.5	
400	-1	172	54.6	-85	276	-2.6	31.7	28.2	0.000265	0.000133	116	71.1	-255	0.379	0.343	-1	-1	
600	76	54.9	14.3	-46.4	20.6	-1.89	-2.41	-9.28	0.000172	0.000172	-100	0	-0.00038	0.469	0.404	74.9	69.9	
800	-1	164	54.6	-85.2	290	-2.47	31.2	25.8	0.000363	0.000111	131	54.2	-269	0.337	0.297	197	191	
1e+03	31.8	24.5	-15.8	-75.2	22.4	-0.786	31.2	25.8	0.000189	0.000189	-100	0	-1.98	0.442	0.373	31	28.7	
1.2e+03	-1	184	54.6	-85.2	299	-2.37	38.3	35.6	0.000302	0.000107	-100	58.9	-277	0.358	0.307	-1	-1	
1.4e+03	76.4	24.2	36	-24.6	21	-3	11.1	5.27	0.000185	0.000185	-100	0	-7.17e-68	0.453	0.379	72.4	57.6	
1.6e+03	195	161	54.5	-85.1	291	-2.55	30.2	25.1	0.000307	0.000115	128	61.2	-270	0.357	0.319	193	187	
1.8e+03	146	136	4.4	-82	46.9	-0.478	-6.66	-74.7	0.000176	0.000176	-100	0	-26.4	0.452	0.385	145	142	
2e+03	179	146	53.2	-84.9	276	-2.71	17	3.55	0.000263	0.000123	107	73.1	-255	0.376	0.349	177	172	
2.2e+03	161	135	41.4	-84.2	231	-2.52	2.3	-20	0.000176	0.000132	46.1	78.5	-211	0.424	0.415	159	154	
2.4e+03	174	142	51	-84.7	264	-2.85	12.2	-3.3	0.00024	0.000132	92	81.9	-243	0.392	0.373	172	166	
2.6e+03	163	136	45.6	-84.3	246	-2.78	4.39	-14.8	0.000182	0.000136	55.1	85.7	-226	0.431	0.42	161	156	
2.8e+03	173	142	50.2	-84.6	264	-2.89	11.2	-4.76	0.000239	0.000136	87.9	84	-244	0.397	0.379	171	165	
3e+03	163	135	46.1	-84.3	249	-2.84	4.76	-14.3	0.000185	0.000137	55.1	86.8	-228	0.432	0.422	161	156	
3.2e+03	173	141	50.2	-84.6	257	-2.91	11.2	-4.71	0.000242	0.000137	87.2	83.9	-236	0.397	0.379	171	165	
3.4e+03	163	134	46.2	-84.3	246	-2.86	4.86	-14.9	0.000187	0.000138	56.1	86.3	-225	0.432	0.422	161	155	
3.6e+03	173	141	50.2	-84.6	263	-2.92	11.1	-4.64	0.000244	0.000138	87.6	83.2	-242	0.397	0.379	170	165	
3.8e+03	162	134	46.4	-84.3	245	-2.88	4.83	-15.1	0.000188	0.000138	55.1	86.3	-225	0.432	0.422	160	155	
4e+03	172	140	50.3	-84.6	262	-2.94	11.4	-4.78	0.000246	0.000138	87.3	83.2	-241	0.396	0.378	170	164	
4.2e+03	162	134	46.4	-84.3	247	-2.89	4.67	-14.8	0.000189	0.000139	55.1	86.7	-227	0.432	0.422	160	155	
4.4e+03	172	140	50.3	-84.6	261	-2.95	11.3	-4.88	0.000247	0.000139	87.1	83.2	-240	0.396	0.378	170	164	
4.6e+03	162	134	46.5	-84.3	244	-2.91	4.67	-14.4	0.00019	0.000139	55.4	86.7	-224	0.431	0.422	160	155	
4.8e+03	172	140	50.3	-84.6	255	-2.96	11.3	-5.03	0.000248	0.000139	86.8	83.2	-235	0.396	0.378	170	164	
5e+03	162	133	46.5	-84.3	249	-2.92	4.83	-14.6	0.000191	0.00014	56.1	86.1	-228	0.431	0.422	160	155	
5.2e+03	171	140	50.2	-84.6	261	-2.95	11.3	-5.03	0.000249	0.00014	86.9	83	-240	0.396	0.378	169	164	
5.4e+03	162	133	46.7	-84.3	248	-2.94	4.78	-14.8	0.000192	0.00014	56.1	86.3	-227	0.431	0.421	160	154	
5.6e+03	171	140	50.2	-84.6	256	-2.97	11.2	-5.15	0.00025	0.00014	86.5	82.9	-236	0.397	0.378	169	164	
5.8e+03	162	133	46.7	-84.3	247	-2.95	4.9	-14.7	0.000193	0.00014	55.1	86.9	-227	0.431	0.421	160	154	
6e+03	171	139	50.2	-84.6	252	-2.98	11.2	-5.23	0.000251	0.00014	86.4	82.9	-232	0.397	0.378	169	163	
6.2e+03	162	133	46.8	-84.3	250	-2.95	4.87	-14.8	0.000194	0.000141	56.1	86.9	-229	0.431	0.421	159	154	
6.4e+03	171	139	50.2	-84.6	255	-3	11.2	-5.32	0.000252	0.000141	86.3	82.8	-235	0.397	0.378	168	163	
6.6e+03	162	132	46.9	-84.3	247	-2.98	4.8	-14.3	0.000195	0.000141	56.1	87.1	-226	0.431	0.421	159	154	
6.8e+03	171	139	50.2	-84.6	255	-3	11	-5.56	0.000253	0.000141	85.6	83	-235	0.397	0.378	168	163	
7e+03	161	132	47	-84.3	249	-2.99	4.78	-14.4	0.000196	0.000142	56.1	87.1	-229	0.431	0.421	159	154	
7.2e+03	170	138	50	-84.6	260	-3	10.9	-5.3	0.000254	0.000142	86.2	82.3	-240	0.397	0.379	168	162	
7.4e+03	161	133	47	-84.3	248	-3	4.91	-14.2	0.000197	0.000142	56.1	86.7	-228	0.431	0.421	159	154	
7.6e+03	170	139	50.1	-84.6	258	-3.02	11	-5.69	0.000254	0.000142	85.6	82.8	-238	0.397	0.379	168	162	
7.8e+03	161	132	47.1	-84.3	247	-3.02	5.11	-14.5	0.000198	0.000143	56.6	87	-227	0.43	0.42	159	154	
8e+03	170	138	50.1	-84.6	256	-3.03	10.9	-5.49	0.000255	0.000142	85.4	82.7	-235	0.397	0.379	168	162	
8.2e+03	161	132	47.2	-84.3	244	-3.03	4.92	-14.3	0.000199	0.000143	57.1	86.6	-223	0.43	0.42	159	154	
8.4e+03	170	137	50	-84.5	258	-3.06	10.9	-5.77	0.000256	0.000143	85	82.7	-237	0.397	0.379	167	162	
8.6e+03	161	131	47.3	-84.3	244	-3.04	5.03	-14.2	0.0002	0.000143	57.1	87.3	-223	0.43	0.42	159	153	
8.8e+03	169	138	50	-84.5	252	-3.05	10.7	-5.61	0.000256	0.000143	85.8	81.9	-232	0.397	0.379	167	161	
9e+03	161	132	47.2	-84.3	248	-3.04	5.16	-13.9	0.000201	0.000144	57.1	86.8	-227	0.43	0.42	159	153	
9.2e+03	169	137	50	-84.5	253	-3.06	10.8	-6	0.000257	0.000144	84.8	82.4	-233	0.398	0.38	167	161	
9.4e+03	161	132	47.3	-84.3	247	-3.06	5.13	-14.1	0.000202	0.000144	57.1	86.9	-226	0.43	0.419	159	153	
9.6e+03	169	137	50	-84.5	258	-3.07	10.7	-5.76	0.000257	0.000144	84.4	82.6	-237	0.398	0.38	167	161	
9.8e+03	161	132	47.5	-84.3	248	-3.08	5.01	-13.9	0.000203	0.000145	57.4	87.3	-227	0.429	0.419	159	153	
1e+04	169	137	50	-84.5	260	-3.07	10.5	-5.96	0.000258	0.000145	85.1	82	-239	0.398	0.38	166	161	
1.02e+04	161	131	47.5	-84.3	249	-3.09	5.36	-14.4	0.000205	0.000145	58.1	87.2	-229	0.429	0.419	159	153	
1.04e+04	168	137	50	-84.5	246	-3.09	10.4	-6.19	0.000258	0.000145	84.7	82	-225	0.399	0.381	166	161	
1.06e+04	161	131	47.6	-84.3	242	-3.11	5.19	-14.1	0.000206	0.000145	58.8	86.7	-222	0.429	0.418	159	153	
1.08e+04	168	137	49.9	-84.5	258	-3.1	10.4	-6.22	0.000258	0.000145	83.5	82.9	-238	0.399	0.381	166	160	
1.1e+04	161	131	47.6	-84.3	246	-3.11	5.42	-14.1	0.000207	0.000146	58.5	87	-225	0.429	0.418	158	153	
1.12e+04	168	136	49.9	-84.5	260	-3.1	10.2	-6.54	0.000259	0.000146	84.2	82.1	-239	0.399	0.381	166	160	
1.14e+04	161	131	47.6	-84.3	249	-3.11	5.42	-13.8	0.000208	0.000146	59.1	87.1	-229	0.429	0.418	158	153	
1.16e+04	168	136	49.8	-84.5	254	-3.11	10.3	-6.29	0.000259	0.000146	83.5	82.5	-233	0.4	0.382	166	160	
1.18e+04	160	131	47.7	-84.3	246	-3.13	5.57	-13.5	0.000209	0.000147	59.1	87.7	-226	0.428	0.417	158	153	
1.2e+04	167	136	49.8	-84.5	254	-3.13	10.4	-6.23	0.000259	0.000147	83.5	82.2	-234	0.4	0.382	165	159	
1.22e+04	161	131	47.7	-84.3	249	-3.14	5.42	-13.9	0.00021	0.000147	59.1	87.1	-229	0.428	0.417	158	153	
1.24e+04	167	136	49.8	-84.5	256	-3.13	10.1	-6.6	0.000259	0.000147	82.6	82.8	-236	0.4	0.382	165	159	
1.26e+04	160	130	47.8	-84.3	252	-3.15	5.4	-14	0.000211	0.000148	59.9	87.2	-231	0.427	0.417	158	153	
1.28e+04	167	135	49.8	-84.5	247	-3.15	10.1	-6.6	0.00026	0.000148	82.8	82.4	-226	0.4	0.383	165	159	
1.3e+04	160	130	47.8	-84.3	247	-3.16	5.64	-13.5	0.000213	0.000148	59.6	87.5	-227	0.427	0.416	158	153	
1.32e+04	167	135	49.7	-84.5	255	-3.16	9.9	-6.99	0.00026	0.000148	82.1	82.8	-235	0.401	0.383	164	159	
1.34e+04	160	130	47.9	-84.3	242	-3.17	5.77	-13.3	0.000214	0.000149	60.4	87.2	-221	0.427	0.416	158	153	
1.36e+04	166	135	49.6	-84.5	258	-3.16	9.89	-7.25	0.00026	0.000149	82	82.6	-237	0.401	0.384	164	159	
1.38e+04	160	131	48.1	-84.3	250	-3.2	5.66	-13.6	0.000215	0.000149	60.8	87.6	-229	0.427	0.415	158	153	
1.4e+04	166	135	49.6	-84.5	258	-3.17	9.94	-7.09	0.00026	0.000149	81.1	83.1	-238	0.402	0.384	164	158	
1.42e+04	161	130	47.9	-84.3	249	-3.19	5.81	-13.4	0.000217	0.00015	61.5	87.2	-228	0.426	0.415	158	153	
1.44e+04	166	134	49.6	-84.5	245	-3.18	9.79	-7.1	0.000259	0.00015	80.8	83.3	-225	0.402	0.385	164	158	
1.46e+04	160	130	48	-84.3	250	-3.2	5.71	-12.9	0.000218	0.00015	61.4	87.5	-229	0.426	0.414	158	152	
1.48e+04	166	134	49.5	-84.5	253	-3.18	9.53	-7.5	0.00026	0.00015	81.1	82.8	-233	0.403	0.385	163	158	
1.5e+04	161	130	48	-84.3	242	-3.22	5.93	-13.2	0.000219	0.000151	62.6	87	-222	0.425	0.414	158	152	
1.52e+04	166	134	49.4	-84.5	255	-3.19	9.49	-7.57	0.000259	0.000151	81	82.6	-235	0.403	0.386	163	158	
1.54e+04	161	131	48.1	-84.3	248	-3.22	6.04	-13.1	0.000221	0.000151	62.2	87.7	-228	0.425	0.413	158	153	
1.56e+04	165	134	49.4	-84.5	257	-3.2	9.31	-7.86	0.000259	0.000151	80.5	82.9	-237	0.404	0.387	163	157	
1.58e+04	161	130	48.1	-84.3	248	-3.23	5.9	-12.8	0.000222	0.000152	63.1	87.2	-227	0.425	0.413	158	153	
1.6e+04	165	133	49.4	-84.5	246	-3.22	9.43	-8.19	0.000259	0.000152	79.5	83.2	-226	0.404	0.387	163	157	
1.62e+04	160	130	48.1	-84.4	247	-3.23	6.2	-12.9	0.000224	0.000152	63.3	87.4	-227	0.424	0.412	158	153	
1.64e+04	165	133	49.4	-84.5	252	-3.23	9.23	-7.94	0.000259	0.000152	79	83.6	-231	0.405	0.388	162	157	
1.66e+04	160	130	48.2	-84.4	245	-3.25	6.24	-12.9	0.000225	0.000153	63.8	87.4	-224	0.424	0.411	158	153	
1.68e+04	164	133	49.3	-84.5	254	-3.23	9.15	-8.04	0.000259	0.000153	78.8	83.5	-234	0.405	0.388	162	156	
1.7e+04	161	130	48.2	-84.4	246	-3.25	6.24	-12.3	0.000227	0.000153	63.9	87.5	-226	0.423	0.411	158	153	
1.72e+04	164	133	49.3	-84.5	252	-3.24	9.1	-8.69	0.000258	0.000153	78.7	83.3	-232	0.406	0.389	162	156	
1.74e+04	160	130	48.3	-84.4	249	-3.27	6.27	-12.3	0.000228	0.000154	64.1	87.6	-229	0.422	0.41	158	153	
1.76e+04	164	133	49.2	-84.5	252	-3.24	8.79	-8.73	0.000258	0.000154	77.4	84	-231	0.406	0.39	162	156	
1.78e+04	160	130	48.3	-84.4	248	-3.28	6.5	-11.9	0.00023	0.000155	65.2	87	-228	0.422	0.409	158	152	
1.8e+04	164	132	49.1	-84.5	253	-3.25	8.9	-8.39	0.000258	0.000155	76.8	84.3	-233	0.407	0.39	161	156	
1.82e+04	161	130	48.3	-84.4	246	-3.28	6.57	-11.9	0.000232	0.000155	65.8	86.9	-226	0.421	0.409	158	153	
1.84e+04	163	132	49.1	-84.5	248	-3.27	8.73	-8.65	0.000257	0.000155	76.5	84.5	-228	0.407	0.391	161	155	
1.86e+04	161	130	48.3	-84.4	249	-3.29	6.51	-12.1	0.000233	0.000156	65.6	87.2	-229	0.421	0.408	158	153	
1.88e+04	163	132	49.1	-84.4	251	-3.28	8.67	-9.37	0.000257	0.000156	76.1	84.4	-231	0.408	0.392	161	155	
1.9e+04	161	130	48.4	-84.4	252	-3.29	6.68	-11.8	0.000235	0.000156	66.4	86.8	-232	0.42	0.407	158	152	
1.92e+04	163	132	49	-84.4	254	-3.29	8.4	-9.3	0.000257	0.000156	76	83.9	-234	0.408	0.392	161	155	
1.94e+04	160	130	48.4	-84.4	248	-3.3	6.65	-12	0.000237	0.000157	66.7	87	-228	0.419	0.406	158	153	
1.96e+04	163	132	49	-84.4	243	-3.29	8.33	-9.31	0.000257	0.000157	75.9	83.8	-223	0.409	0.393	160	155	
1.98e+04	161	130	48.5	-84.4	252	-3.32	6.65	-11.4	0.000238	0.000157	67.8	86.1	-231	0.419	0.406	158	153	
2e+04	162	131	48.9	-84.4	249	-3.3	8.17	-9.57	0.000256	0.000157	75.5	84	-229	0.409	0.393	160	154	
2.02e+04	160	129	48.5	-84.4	245	-3.33	6.94	-11.6	0.00024	0.000158	67.9	86.4	-225	0.418	0.405	158	152	
2.04e+04	162	130	48.9	-84.4	252	-3.3	8.07	-9.52	0.000256	0.000158	75	84	-232	0.41	0.394	160	154	
2.06e+04	160	130	48.5	-84.4	246	-3.33	6.96	-11.6	0.000242	0.000159	68.2	86.4	-225	0.418	0.404	158	153	
2.08e+04	162	130	48.9	-84.4	249	-3.32	8.18	-9.68	0.000256	0.000159	74.3	84.4	-229	0.41	0.395	159	154	
2.1e+04	160	130	48.5	-84.4	253	-3.33	7.13	-11.4	0.000244	0.000159	68.8	86	-233	0.417	0.403	158	153	
2.12e+04	162	130	48.9	-84.4	251	-3.33	7.92	-9.78	0.000256	0.000159	73.4	84.9	-231	0.411	0.395	159	154	
2.14e+04	160	129	48.6	-84.4	247	-3.34	7.2	-10.9	0.000245	0.00016	68.8	85.9	-227	0.416	0.402	158	153	
2.16e+04	161	130	48.8	-84.4	254	-3.33	8.05	-10.4	0.000256	0.00016	73.6	84.2	-234	0.411	0.395	159	153	
2.18e+04	160	130	48.6	-84.4	242	-3.35	7.12	-11.3	0.000247	0.00016	70	85.2	-222	0.416	0.402	158	152	
2.2e+04	161	130	48.9	-84.4	251	-3.36	7.93	-9.95	0.000256	0.00016	73.2	84.3	-231	0.411	0.396	159	153	
2.22e+04	160	129	48.6	-84.4	250	-3.36	7.14	-11	0.000249	0.000161	70.1	85.2	-229	0.415	0.401	158	152	
2.24e+04	161	129	48.8	-84.4	249	-3.36	7.78	-10.2	0.000256	0.000161	72.9	84.6	-229	0.412	0.396	159	153	
2.26e+04	160	130	48.6	-84.4	248	-3.37	7.3	-10.8	0.00025	0.000161	69.5	85.7	-228	0.415	0.4	158	152	
2.28e+04	161	129	48.9	-84.4	249	-3.37	7.86	-10.3	0.000257	0.000161	72.9	84.2	-229	0.411	0.396	158	153	
2.3e+04	160	129	48.7	-84.4	252	-3.37	7.28	-10.9	0.000251	0.000162	70.5	84.8	-232	0.415	0.4	158	152	
2.32e+04	160	129	48.7	-84.4	249	-3.37	7.69	-10.8	0.000257	0.000162	72.3	84.5	-229	0.412	0.396	158	152	
2.34e+04	160	129	48.7	-84.4	253	-3.38	7.29	-11	0.000253	0.000162	70.5	84.8	-233	0.414	0.399	158	152	
2.36e+04	160	129	48.8	-84.4	243	-3.38	7.67	-10.5	0.000257	0.000162	72.3	84.3	-223	0.412	0.397	158	152	
2.38e+04	160	129	48.8	-84.4	252	-3.4	7.5	-10.6	0.000254	0.000163	70.2	85.2	-232	0.414	0.399	158	152	
2.4e+04	160	129	48.8	-84.4	242	-3.39	7.8	-10.3	0.000258	0.000162	72.5	83.8	-221	0.412	0.397	158	152	
2.42e+04	160	128	48.7	-84.4	248	-3.4	7.45	-10.8	0.000256	0.000163	71.1	84.3	-228	0.413	0.398	157	152	
2.44e+04	160	128	48.8	-84.4	244	-3.39	7.61	-10.7	0.000259	0.000163	71.8	84.2	-224	0.412	0.397	158	152	
2.46e+04	160	128	48.7	-84.4	252	-3.4	7.49	-10.9	0.000257	0.000163	71.5	84.1	-232	0.413	0.398	157	151	
2.48e+04	160	128	48.7	-84.4	249	-3.4	7.6	-10.5	0.000259	0.000163	71.8	84.1	-229	0.412	0.397	157	152	
2.5e+04	159	129	48.7	-84.4	246	-3.41	7.29	-10.6	0.000258	0.000164	70.7	84.7	-226	0.413	0.398	157	152	
2.52e+04	159	128	48.8	-84.4	254	-3.42	7.57	-10.8	0.00026	0.000164	71.8	84.1	-234	0.412	0.397	157	151	
2.54e+04	159	129	48.7	-84.4	246	-3.42	7.5	-10.7	0.000259	0.000164	71.5	84	-226	0.413	0.397	157	151	
2.56e+04	159	128	48.8	-84.4	251	-3.43	7.57	-10.9	0.000261	0.000164	71.7	84	-231	0.412	0.396	157	151	
2.58e+04	159	128	48.7	-84.4	251	-3.42	7.55	-10.9	0.00026	0.000164	71.4	83.8	-230	0.412	0.397	157	151	
2.6e+04	159	128	48.7	-84.4	246	-3.43	7.37	-10.6	0.000261	0.000164	71.9	83.4	-226	0.412	0.396	157	151	
2.62e+04	159	127	48.7	-84.4	255	-3.42	7.32	-10.7	0.000261	0.000165	72	83.4	-234	0.412	0.397	157	151	
2.64e+04	159	127	48.8	-84.4	250	-3.44	7.63	-10.8	0.000262	0.000164	71.6	83.6	-230	0.412	0.396	157	151	
2.66e+04	159	128	48.7	-84.4	252	-3.45	7.55	-11	0.000262	0.000165	71.4	83.7	-231	0.412	0.396	157	151	
2.68e+04	159	128	48.7	-84.4	254	-3.44	7.38	-10.7	0.000263	0.000165	72	83.2	-234	0.412	0.396	157	151	
2.7e+04	159	128	48.7	-84.4	254	-3.44	7.48	-11.2	0.000263	0.000165	71.1	83.8	-233	0.412	0.396	156	150	
2.72e+04	159	127	48.7	-84.4	248	-3.45	7.36	-10.8	0.000264	0.000165	71.8	83.2	-228	0.411	0.396	156	151	
2.74e+04	158	127	48.8	-84.4	249	-3.45	7.62	-11	0.000264	0.000165	71.5	83.3	-229	0.411	0.396	156	150	
2.76e+04	158	127	48.7	-84.4	250	-3.45	7.35	-10.9	0.000265	0.000165	71.7	83.1	-230	0.411	0.396	156	150	
2.78e+04	159	128	48.7	-84.4	243	-3.45	7.46	-10.7	0.000265	0.000166	71.1	83.7	-222	0.411	0.396	156	150	
2.8e+04	158	127	48.7	-84.4	254	-3.47	7.5	-11.3	0.000266	0.000166	71.2	83.6	-234	0.411	0.396	156	150	
2.82e+04	158	127	48.8	-84.4	250	-3.47	7.51	-11.3	0.000266	0.000166	71.2	83.5	-230	0.411	0.395	156	150	
2.84e+04	158	126	48.8	-84.4	249	-3.48	7.39	-11.1	0.000267	0.000166	71.8	82.8	-228	0.411	0.395	156	150	
2.86e+04	158	127	48.7	-84.4	253	-3.46	7.58	-11.2	0.000267	0.000166	71.4	83.2	-233	0.411	0.395	156	150	
2.88e+04	158	127	48.7	-84.4	252	-3.47	7.57	-11.2	0.000267	0.000166	71.3	83.2	-231	0.411	0.395	156	150	
2.9e+04	158	127	48.7	-84.4	253	-3.48	7.37	-11	0.000268	0.000166	71.9	82.7	-232	0.411	0.395	156	150	
2.92e+04	158	127	48.7	-84.4	250	-3.49	7.6	-11.2	0.000268	0.000166	71.4	83	-230	0.411	0.395	156	150	
2.94e+04	158	126	48.7	-84.4	243	-3.49	7.38	-11	0.000269	0.000167	71.8	82.6	-223	0.411	0.395	155	150	
2.96e+04	158	126	48.7	-84.4	254	-3.49	7.51	-10.8	0.000269	0.000167	71	83.2	-234	0.411	0.395	155	150	
2.98e+04	158	126	48.7	-84.4	244	-3.49	7.54	-11.4	0.00027	0.000167	71.1	83.1	-224	0.411	0.395	155	149	
3e+04	157	126	48.7	-84.4	251	-3.49	7.55	-11.4	0.00027	0.000167	71.3	83	-231	0.411	0.395	155	149	
3.02e+04	158	126	48.8	-84.4	251	-3.5	7.69	-11.2	0.000271	0.000167	71.6	82.6	-231	0.41	0.394	155	149	
3.04e+04	157	126	48.7	-84.4	249	-3.51	7.37	-11.1	0.000271	0.000167	71.7	82.4	-229	0.41	0.394	155	149	
3.06e+04	157	126	48.8	-84.4	240	-3.51	7.42	-11.1	0.000271	0.000167	71.9	82.3	-220	0.41	0.394	155	149	
3.08e+04	157	126	48.7	-84.4	253	-3.51	7.34	-11.2	0.000272	0.000168	71.7	82.4	-233	0.41	0.394	155	149	
3.1e+04	157	126	48.7	-84.4	250	-3.5	7.4	-11.1	0.000272	0.000168	72	82.2	-230	0.41	0.394	155	149	
3.12e+04	157	126	48.7	-84.4	250	-3.51	7.41	-11.1	0.000273	0.000168	71.9	82.2	-230	0.41	0.394	155	149	
3.14e+04	157	125	48.7	-84.4	248	-3.52	7.6	-11.5	0.000273	0.000168	71.3	82.6	-228	0.41	0.394	155	149	
3.16e+04	157	126	48.7	-84.4	246	-3.52	7.58	-11.5	0.000274	0.000168	71.3	82.6	-226	0.41	0.394	155	149	
3.18e+04	157	126	48.7	-84.4	250	-3.53	7.43	-11.2	0.000274	0.000168	71.7	82	-230	0.41	0.394	155	149	
3.2e+04	157	126	48.8	-84.4	247	-3.53	7.36	-11.1	0.000274	0.000168	71.5	82.2	-227	0.41	0.394	154	149	
3.22e+04	157	125	48.7	-84.4	253	-3.53	7.36	-11.4	0.000275	0.000168	71.8	82.1	-232	0.41	0.394	154	149	
3.24e+04	156	125	48.6	-84.4	251	-3.53	7.35	-11.4	0.000275	0.000169	71.5	82.1	-231	0.41	0.393	154	148	
3.26e+04	156	126	48.7	-84.4	247	-3.53	7.63	-10.9	0.000276	0.000169	71.4	82.3	-227	0.409	0.393	154	148	
3.28e+04	156	125	48.7	-84.4	244	-3.54	7.5	-11.2	0.000276	0.000169	72	81.6	-224	0.41	0.393	154	148	
3.3e+04	156	125	48.6	-84.4	254	-3.53	7.33	-11.1	0.000277	0.000169	71.3	82	-234	0.409	0.393	154	148	
3.32e+04	156	125	48.7	-84.4	251	-3.55	7.53	-11.2	0.000277	0.000169	72.2	81.4	-230	0.409	0.393	154	148	
3.34e+04	156	125	48.7	-84.4	253	-3.54	7.52	-11.6	0.000278	0.000169	72.2	81.4	-233	0.409	0.393	154	148	
3.36e+04	156	125	48.7	-84.4	246	-3.55	7.52	-11.1	0.000278	0.000169	72.1	81.4	-226	0.409	0.393	154	148	
3.38e+04	156	124	48.7	-84.4	254	-3.56	7.44	-11.4	0.000278	0.000169	71.8	81.6	-234	0.409	0.393	154	148	
3.4e+04	156	125	48.7	-84.4	251	-3.57	7.54	-11.2	0.000279	0.00017	72.1	81.2	-231	0.409	0.393	154	148	
3.42e+04	156	125	48.6	-84.4	250	-3.55	7.31	-11.1	0.000279	0.00017	71.4	81.8	-230	0.409	0.393	153	148	
3.44e+04	156	125	48.8	-84.4	245	-3.58	7.59	-11.2	0.00028	0.00017	72.1	81	-224	0.409	0.393	154	148	
3.46e+04	156	124	48.6	-84.4	259	-3.56	7.42	-11.5	0.00028	0.00017	71.9	81.4	-239	0.409	0.393	153	148	
3.48e+04	156	125	48.7	-84.4	254	-3.57	7.61	-11.1	0.000281	0.00017	72.1	80.9	-234	0.409	0.392	153	147	
3.5e+04	156	124	48.7	-84.4	255	-3.57	7.34	-11.7	0.000281	0.00017	71.4	81.6	-234	0.409	0.392	153	147	
3.52e+04	156	125	48.7	-84.4	249	-3.58	7.59	-11.3	0.000281	0.00017	72.2	80.8	-229	0.409	0.392	153	147	
3.54e+04	155	124	48.7	-84.4	256	-3.57	7.44	-11.6	0.000282	0.00017	71.9	81.2	-236	0.409	0.392	153	147	
3.56e+04	156	124	48.7	-84.4	251	-3.58	7.38	-11.1	0.000282	0.000171	71.6	81.4	-231	0.409	0.392	153	147	
3.58e+04	155	124	48.7	-84.4	244	-3.58	7.51	-11.5	0.000283	0.000171	72.1	80.9	-224	0.409	0.392	153	147	
3.6e+04	155	124	48.7	-84.4	255	-3.59	7.5	-11.5	0.000283	0.000171	72	80.9	-235	0.408	0.392	153	147	
3.62e+04	155	124	48.7	-84.4	250	-3.59	7.45	-11.6	0.000283	0.000171	71.6	81	-230	0.409	0.392	153	147	
3.64e+04	155	124	48.5	-84.4	263	-3.58	7.44	-11.7	0.000284	0.000171	71.9	81	-243	0.408	0.392	153	147	
3.66e+04	155	124	48.7	-84.4	245	-3.6	7.44	-11.9	0.000284	0.000171	71.7	81	-225	0.408	0.392	153	147	
3.68e+04	155	124	48.6	-84.4	246	-3.59	7.52	-11.5	0.000285	0.000171	71.9	80.7	-226	0.408	0.392	153	147	
3.7e+04	155	124	48.6	-84.4	250	-3.61	7.51	-11.3	0.000285	0.000171	72	80.7	-230	0.408	0.392	153	147	
3.72e+04	155	124	48.6	-84.4	253	-3.6	7.45	-11.9	0.000286	0.000171	71.7	80.8	-232	0.408	0.391	153	147	
3.74e+04	155	123	48.7	-84.4	254	-3.61	7.53	-11.5	0.000286	0.000172	72	80.6	-234	0.408	0.391	153	147	
3.76e+04	155	124	48.6	-84.4	252	-3.61	7.37	-11.9	0.000286	0.000172	71.5	81	-232	0.408	0.391	152	147	
3.78e+04	155	124	48.6	-84.4	255	-3.6	7.44	-11.8	0.000287	0.000172	71.8	80.7	-235	0.408	0.391	152	147	
3.8e+04	155	123	48.6	-84.4	251	-3.61	7.25	-11.5	0.000287	0.000172	72.2	80.2	-231	0.408	0.391	152	146	
3.82e+04	155	123	48.7	-84.4	253	-3.62	7.53	-11.7	0.000288	0.000172	72.1	80.4	-233	0.408	0.391	152	146	
3.84e+04	154	123	48.5	-84.4	257	-3.61	7.51	-11.7	0.000288	0.000172	71.9	80.4	-237	0.408	0.391	152	146	
3.86e+04	154	123	48.6	-84.4	245	-3.63	7.55	-11.7	0.000289	0.000172	72.1	80.3	-225	0.408	0.391	152	146	
3.88e+04	154	123	48.6	-84.4	250	-3.62	7.58	-11.6	0.000289	0.000172	71.9	80.2	-230	0.408	0.391	152	146	
3.9e+04	154	123	48.6	-84.4	247	-3.63	7.28	-11.8	0.00029	0.000173	72.4	79.9	-227	0.407	0.391	152	146	
3.92e+04	154	122	48.6	-84.4	242	-3.63	7.41	-12	0.00029	0.000173	71.5	80.5	-222	0.408	0.391	152	146	
3.94e+04	154	122	48.6	-84.4	255	-3.64	7.41	-11.4	0.00029	0.000173	71.5	80.5	-235	0.407	0.391	152	146	
3.96e+04	154	123	48.6	-84.4	250	-3.64	7.21	-11.7	0.000291	0.000173	71.9	80	-230	0.407	0.39	152	146	
