0	-80.92124	
2	33.43664	
4	55.98797	
6	51.0386	
8	47.17674	
10	43.75948	
12	38.01284	
14	33.79053	
16	31.21616	
18	29.61277	
20	28.59296	
22	27.75547	
24	26.97688	
26	26.22509	
28	25.48184	
30	24.73643	
32	23.98398	
34	23.22219	
36	22.45	
38	21.66688	
40	20.87257	
42	20.06691	
44	19.24979	
46	18.4211	
48	17.58072	
50	16.72848	
52	15.86421	
54	14.98769	
56	14.09865	
58	13.19677	
60	12.28167	
62	11.35292	
64	10.41	
66	9.452335	
68	8.479266	
70	7.490053	
72	6.483882	
74	5.459867	
76	4.417063	
78	3.354484	
80	2.271127	
82	1.166003	
84	0.03818618	
86	-1.11314	
88	-2.288619	
90	-3.488663	
92	-4.713384	
94	-5.962542	
96	-7.235509	
98	-8.531259	
100	-9.848402	
102	-11.18527	
104	-12.54004	
106	-13.911	
108	-15.29676	
110	-16.6967	
112	-18.11133	
114	-19.54287	
116	-20.99574	
118	-22.47718	
120	-23.99765	
122	-25.57099	
124	-27.21415	
126	-28.94617	
128	-30.78663	
130	-32.75398	
132	-34.86413	
134	-37.12942	
136	-39.55721	
138	-42.14704	
140	-44.88736	
142	-47.75642	
144	-50.72912	
146	-53.78387	
148	-56.90226	
150	-60.06101	
152	-63.22045	
154	-66.31459	
156	-69.24951	
158	-71.91755	
160	-74.2236	
162	-76.14462	
164	-77.63872	
166	-78.77839	
168	-79.63114	
170	-80.26544	
172	-80.74025	
174	-81.10173	
176	-81.38392	
178	-81.611	
180	-81.79971	
182	-81.96147	
184	-82.10398	
186	-82.23245	
188	-82.35036	
190	-82.46007	
192	-82.56316	
194	-82.66075	
196	-82.75359	
198	-82.84223	
200	-82.92707	
202	-83.00842	
204	-83.08652	
206	-83.16156	
208	-83.2337	
210	-83.3031	
212	-83.36988	
214	-83.43416	
216	-83.49605	
218	-83.55565	
220	-83.61306	
222	-83.66837	
224	-83.72167	
226	-83.77304	
228	-83.82256	
230	-83.87031	
232	-83.91635	
234	-83.96077	
236	-84.00362	
238	-84.04498	
240	-84.08489	
242	-84.12343	
244	-84.16064	
246	-84.19659	
248	-84.23132	
250	-84.26487	
252	-84.29731	
254	-84.32867	
256	-84.359	
258	-84.38833	
260	-84.41671	
262	-84.44418	
264	-84.47076	
266	-84.4965	
268	-84.52143	
270	-84.54557	
272	-84.56896	
274	-84.59163	
276	-84.61361	
278	-84.63491	
280	-84.65557	
282	-84.6756	
284	-84.69504	
286	-84.7139	
288	-84.73221	
290	-84.74998	
292	-84.76724	
294	-84.784	
296	-84.80028	
298	-84.81609	
300	-84.83146	
302	-84.8464	
304	-84.86092	
306	-84.87504	
308	-84.88877	
310	-84.90212	
312	-84.91512	
314	-84.92776	
316	-84.94006	
318	-84.95204	
320	-84.96369	
322	-84.97504	
324	-84.9861	
326	-84.99687	
328	-85.00735	
330	-85.01757	
332	-85.02753	
334	-85.03724	
336	-85.0467	
338	-85.05593	
340	-85.06492	
342	-85.07369	
344	-85.08225	
346	-85.0906	
348	-85.09874	
350	-85.10669	
352	-85.11444	
354	-85.12201	
356	-85.1294	
358	-85.13662	
360	-85.14366	
362	-85.15054	
364	-85.15726	
366	-85.16383	
368	-85.17024	
370	-85.17651	
372	-85.18263	
374	-85.18862	
376	-85.19447	
378	-85.20019	
380	-85.20578	
382	-85.21125	
384	-85.21659	
386	-85.22182	
388	-85.22694	
390	-85.23194	
392	-85.23684	
394	-85.24163	
396	-85.24632	
398	-85.25091	
400	-85.2554	
402	-85.2598	
404	-85.2641	
406	-85.26832	
408	-85.27244	
410	-85.27649	
412	-85.28045	
414	-85.28432	
416	-85.28812	
418	-85.29184	
420	-85.29549	
422	-85.29906	
424	-85.30257	
426	-85.306	
428	-85.30936	
430	-85.31266	
432	-85.3159	
434	-85.31907	
436	-85.32217	
438	-85.32522	
440	-85.32821	
442	-85.33114	
444	-85.33402	
446	-85.33684	
448	-85.33961	
450	-85.34233	
452	-85.34499	
454	-85.34761	
456	-85.35017	
458	-85.35269	
460	-85.35516	
462	-85.35759	
464	-85.35997	
466	-85.36231	
468	-85.36461	
470	-85.36686	
472	-85.36908	
474	-85.37125	
476	-85.37339	
478	-85.37549	
480	-85.37755	
482	-85.37957	
484	-85.38156	
486	-85.38352	
488	-85.38544	
490	-85.38733	
492	-85.38918	
494	-85.391	
496	-85.39279	
498	-85.39456	
500	-85.39629	
502	-85.39799	
504	-85.39966	
506	-85.4013	
508	-85.40292	
510	-85.40451	
512	-85.40608	
514	-85.40761	
516	-85.40912	
518	-85.41061	
520	-85.41207	
522	-85.41351	
524	-85.41493	
526	-85.41632	
528	-85.41769	
530	-85.41904	
532	-85.42037	
534	-85.42167	
536	-85.42296	
538	-85.42422	
540	-85.42546	
542	-85.42669	
544	-85.42789	
546	-85.42908	
548	-85.43025	
550	-85.4314	
552	-85.43253	
554	-85.43364	
556	-85.43474	
558	-85.43582	
560	-85.43688	
562	-85.43793	
564	-85.43896	
566	-85.43997	
568	-85.44097	
570	-85.44196	
572	-85.44293	
574	-85.44388	
576	-85.44483	
578	-85.44575	
580	-85.44667	
582	-85.44757	
584	-85.44845	
586	-85.44933	
588	-85.45019	
590	-85.45103	
592	-85.45187	
594	-85.45269	
596	-85.4535	
598	-85.4543	
600	-85.45509	
602	-85.45587	
604	-85.45663	
606	-85.45739	
608	-85.45813	
610	-85.45886	
612	-85.45958	
614	-85.4603	
616	-85.461	
618	-85.46169	
620	-85.46237	
622	-85.46304	
624	-85.46371	
626	-85.46436	
628	-85.46501	
630	-85.46564	
632	-85.46627	
634	-85.46689	
636	-85.4675	
638	-85.4681	
640	-85.46869	
642	-85.46927	
644	-85.46985	
646	-85.47042	
648	-85.47098	
650	-85.47153	
652	-85.47208	
654	-85.47261	
656	-85.47314	
658	-85.47367	
660	-85.47418	
662	-85.47469	
664	-85.47519	
666	-85.47569	
668	-85.47618	
670	-85.47666	
672	-85.47714	
674	-85.4776	
676	-85.47807	
678	-85.47852	
680	-85.47897	
682	-85.47942	
684	-85.47986	
686	-85.48029	
688	-85.48072	
690	-85.48114	
692	-85.48155	
694	-85.48196	
696	-85.48237	
698	-85.48277	
700	-85.48316	
702	-85.48355	
704	-85.48393	
706	-85.48431	
708	-85.48469	
710	-85.48505	
712	-85.48542	
714	-85.48578	
716	-85.48613	
718	-85.48648	
720	-85.48683	
722	-85.48717	
724	-85.4875	
726	-85.48783	
728	-85.48816	
730	-85.48848	
732	-85.4888	
734	-85.48912	
736	-85.48943	
738	-85.48973	
740	-85.49003	
742	-85.49033	
744	-85.49063	
746	-85.49092	
748	-85.4912	
750	-85.49149	
752	-85.49177	
754	-85.49204	
756	-85.49231	
758	-85.49258	
760	-85.49285	
762	-85.49311	
764	-85.49337	
766	-85.49362	
768	-85.49387	
770	-85.49412	
772	-85.49437	
774	-85.49461	
776	-85.49485	
778	-85.49508	
780	-85.49531	
782	-85.49554	
784	-85.49577	
786	-85.49599	
788	-85.49621	
790	-85.49643	
792	-85.49664	
794	-85.49686	
796	-85.49706	
798	-85.49727	
800	-85.49747	
802	-85.49767	
804	-85.49787	
806	-85.49807	
808	-85.49826	
810	-85.49845	
812	-85.49864	
814	-85.49882	
816	-85.499	
818	-85.49918	
820	-85.49936	
822	-85.49954	
824	-85.49971	
826	-85.49988	
828	-85.50005	
830	-85.50022	
832	-85.50038	
834	-85.50054	
836	-85.5007	
838	-85.50086	
840	-85.50101	
842	-85.50117	
844	-85.50132	
846	-85.50146	
848	-85.50161	
850	-85.50176	
852	-85.5019	
854	-85.50204	
856	-85.50218	
858	-85.50231	
860	-85.50245	
862	-85.50258	
864	-85.50271	
866	-85.50284	
868	-85.50297	
870	-85.5031	
872	-85.50322	
874	-85.50334	
876	-85.50346	
878	-85.50358	
880	-85.5037	
882	-85.50381	
884	-85.50392	
886	-85.50404	
888	-85.50415	
890	-85.50425	
892	-85.50436	
894	-85.50447	
896	-85.50457	
898	-85.50467	
900	-85.50477	
902	-85.50487	
904	-85.50497	
906	-85.50507	
908	-85.50516	
910	-85.50525	
912	-85.50535	
914	-85.50544	
916	-85.50552	
918	-85.50561	
920	-85.5057	
922	-85.50578	
924	-85.50587	
926	-85.50595	
928	-85.50603	
930	-85.50611	
932	-85.50619	
934	-85.50626	
936	-85.50634	
938	-85.50641	
940	-85.50649	
942	-85.50656	
944	-85.50663	
946	-85.5067	
948	-85.50677	
950	-85.50683	
952	-85.5069	
954	-85.50696	
956	-85.50703	
958	-85.50709	
960	-85.50715	
962	-85.50721	
964	-85.50727	
966	-85.50733	
968	-85.50739	
970	-85.50744	
972	-85.5075	
974	-85.50755	
976	-85.5076	
978	-85.50766	
980	-85.50771	
982	-85.50776	
984	-85.50781	
986	-85.50785	
988	-85.5079	
990	-85.50795	
992	-85.50799	
994	-85.50803	
996	-85.50808	
998	-85.50812	
1000	-79.54656	
1002	36.85674	
1004	56.55219	
1006	51.33053	
1008	47.09429	
1010	44.22349	
1012	41.73315	
1014	37.50914	
1016	33.93263	
1018	31.73924	
1020	30.21254	
1022	29.00238	
1024	28.07012	
1026	27.2409	
1028	26.46242	
1030	25.70733	
1032	24.9611	
1034	24.21583	
1036	23.46707	
1038	22.71226	
1040	21.94984	
1042	21.17882	
1044	20.39854	
1046	19.60854	
1048	18.80844	
1050	17.99793	
1052	17.17671	
1054	16.3445	
1056	15.50098	
1058	14.64579	
1060	13.77856	
1062	12.89883	
1064	12.00609	
1066	11.09975	
1068	10.17913	
1070	9.243453	
1072	8.291845	
1074	7.32331	
1076	6.336732	
1078	5.330877	
1080	4.304388	
1082	3.255799	
1084	2.183542	
1086	1.08598	
1088	-0.0385605	
1090	-1.191739	
1092	-2.375137	
1094	-3.590181	
1096	-4.838053	
1098	-6.119608	
1100	-7.435284	
1102	-8.785049	
1104	-10.16839	
1106	-11.58434	
1108	-13.03165	
1110	-14.50902	
1112	-16.0155	
1114	-17.55105	
1116	-19.11724	
1118	-20.71819	
1120	-22.36145	
1122	-24.05894	
1124	-25.82726	
1126	-27.68725	
1128	-29.66222	
1130	-31.77525	
1132	-34.04666	
1134	-36.49225	
1136	-39.12195	
1138	-41.93705	
1140	-44.92614	
1142	-48.0653	
1144	-51.32628	
1146	-54.68459	
1148	-58.11703	
1150	-61.58869	
1152	-65.03648	
1154	-68.35828	
1156	-71.42076	
1158	-74.09309	
1160	-76.2922	
1162	-78.00787	
1164	-79.29225	
1166	-80.22898	
1168	-80.90496	
1170	-81.39459	
1172	-81.75509	
1174	-82.02765	
1176	-82.24077	
1178	-82.41366	
1180	-82.55907	
1182	-82.68542	
1184	-82.7982	
1186	-82.90102	
1188	-82.99624	
1190	-83.08545	
1192	-83.16968	
1194	-83.24965	
1196	-83.32588	
1198	-83.39871	
1200	-83.46842	
1202	-83.53523	
1204	-83.5993	
1206	-83.66078	
1208	-83.71981	
1210	-83.77649	
1212	-83.83093	
1214	-83.88323	
1216	-83.9335	
1218	-83.98181	
1220	-84.02825	
1222	-84.0729	
1224	-84.11585	
1226	-84.15716	
1228	-84.19691	
1230	-84.23517	
1232	-84.27199	
1234	-84.30745	
1236	-84.34161	
1238	-84.37452	
1240	-84.40623	
1242	-84.4368	
1244	-84.46628	
1246	-84.49471	
1248	-84.52215	
1250	-84.54863	
1252	-84.57419	
1254	-84.59888	
1256	-84.62273	
1258	-84.64578	
1260	-84.66805	
1262	-84.68959	
1264	-84.71043	
1266	-84.73058	
1268	-84.75009	
1270	-84.76897	
1272	-84.78725	
1274	-84.80496	
1276	-84.82212	
1278	-84.83874	
1280	-84.85486	
1282	-84.87049	
1284	-84.88565	
1286	-84.90035	
1288	-84.91462	
1290	-84.92847	
1292	-84.94192	
1294	-84.95498	
1296	-84.96766	
1298	-84.97998	
1300	-84.99196	
1302	-85.0036	
1304	-85.01492	
1306	-85.02592	
1308	-85.03663	
1310	-85.04704	
1312	-85.05717	
1314	-85.06703	
1316	-85.07663	
1318	-85.08598	
1320	-85.09508	
1322	-85.10395	
1324	-85.11259	
1326	-85.121	
1328	-85.1292	
1330	-85.1372	
1332	-85.14499	
1334	-85.15259	
1336	-85.16001	
1338	-85.16723	
1340	-85.17429	
1342	-85.18117	
1344	-85.18789	
1346	-85.19444	
1348	-85.20084	
1350	-85.20709	
1352	-85.21319	
1354	-85.21915	
1356	-85.22497	
1358	-85.23066	
1360	-85.23621	
1362	-85.24164	
1364	-85.24695	
1366	-85.25214	
1368	-85.25721	
1370	-85.26216	
1372	-85.26701	
1374	-85.27175	
1376	-85.27639	
1378	-85.28093	
1380	-85.28537	
1382	-85.28971	
1384	-85.29397	
1386	-85.29813	
1388	-85.3022	
1390	-85.30619	
1392	-85.31009	
1394	-85.31391	
1396	-85.31766	
1398	-85.32132	
1400	-85.32491	
1402	-85.32843	
1404	-85.33188	
1406	-85.33526	
1408	-85.33857	
1410	-85.34181	
1412	-85.34499	
1414	-85.34811	
1416	-85.35116	
1418	-85.35416	
1420	-85.3571	
1422	-85.35998	
1424	-85.36281	
1426	-85.36558	
1428	-85.3683	
1430	-85.37096	
1432	-85.37358	
1434	-85.37615	
1436	-85.37867	
1438	-85.38114	
1440	-85.38357	
1442	-85.38595	
1444	-85.38829	
1446	-85.39058	
1448	-85.39284	
1450	-85.39505	
1452	-85.39722	
1454	-85.39936	
1456	-85.40145	
1458	-85.40351	
1460	-85.40553	
1462	-85.40752	
1464	-85.40947	
1466	-85.41139	
1468	-85.41327	
1470	-85.41513	
1472	-85.41695	
1474	-85.41873	
1476	-85.42049	
1478	-85.42222	
1480	-85.42392	
1482	-85.42559	
1484	-85.42723	
1486	-85.42884	
1488	-85.43043	
1490	-85.43199	
1492	-85.43353	
1494	-85.43504	
1496	-85.43652	
1498	-85.43798	
1500	-85.43942	
1502	-85.44083	
1504	-85.44223	
1506	-85.44359	
1508	-85.44494	
1510	-85.44627	
1512	-85.44757	
1514	-85.44885	
1516	-85.45012	
1518	-85.45136	
1520	-85.45258	
1522	-85.45379	
1524	-85.45497	
1526	-85.45614	
1528	-85.45729	
1530	-85.45842	
1532	-85.45953	
1534	-85.46063	
1536	-85.46171	
1538	-85.46277	
1540	-85.46382	
1542	-85.46485	
1544	-85.46587	
1546	-85.46687	
1548	-85.46786	
1550	-85.46883	
1552	-85.46978	
1554	-85.47073	
1556	-85.47166	
1558	-85.47257	
1560	-85.47347	
1562	-85.47436	
1564	-85.47524	
1566	-85.4761	
1568	-85.47695	
1570	-85.47779	
1572	-85.47861	
1574	-85.47943	
1576	-85.48023	
1578	-85.48102	
1580	-85.4818	
1582	-85.48257	
1584	-85.48333	
1586	-85.48408	
1588	-85.48481	
1590	-85.48554	
1592	-85.48625	
1594	-85.48696	
1596	-85.48766	
1598	-85.48834	
1600	-85.48902	
1602	-85.48969	
1604	-85.49035	
1606	-85.491	
1608	-85.49164	
1610	-85.49227	
1612	-85.49289	
1614	-85.4935	
1616	-85.49411	
1618	-85.49471	
1620	-85.4953	
1622	-85.49588	
1624	-85.49645	
1626	-85.49702	
1628	-85.49758	
1630	-85.49813	
1632	-85.49867	
1634	-85.49921	
1636	-85.49974	
1638	-85.50026	
1640	-85.50078	
1642	-85.50129	
1644	-85.50179	
1646	-85.50229	
1648	-85.50277	
1650	-85.50326	
1652	-85.50373	
1654	-85.5042	
1656	-85.50467	
1658	-85.50512	
1660	-85.50558	
1662	-85.50602	
1664	-85.50646	
1666	-85.5069	
1668	-85.50733	
1670	-85.50775	
1672	-85.50817	
1674	-85.50858	
1676	-85.50899	
1678	-85.50939	
1680	-85.50978	
1682	-85.51018	
1684	-85.51056	
1686	-85.51094	
1688	-85.51132	
1690	-85.51169	
1692	-85.51206	
1694	-85.51242	
1696	-85.51278	
1698	-85.51314	
1700	-85.51348	
1702	-85.51383	
1704	-85.51417	
1706	-85.51451	
1708	-85.51484	
1710	-85.51516	
1712	-85.51549	
1714	-85.51581	
1716	-85.51612	
1718	-85.51643	
1720	-85.51674	
1722	-85.51705	
1724	-85.51734	
1726	-85.51764	
1728	-85.51793	
1730	-85.51822	
1732	-85.51851	
1734	-85.51879	
1736	-85.51907	
1738	-85.51934	
1740	-85.51961	
1742	-85.51988	
1744	-85.52014	
1746	-85.52041	
1748	-85.52066	
1750	-85.52092	
1752	-85.52117	
1754	-85.52142	
1756	-85.52166	
1758	-85.5219	
1760	-85.52214	
1762	-85.52238	
1764	-85.52261	
1766	-85.52284	
1768	-85.52307	
1770	-85.52329	
1772	-85.52352	
1774	-85.52374	
1776	-85.52395	
1778	-85.52416	
1780	-85.52438	
1782	-85.52458	
1784	-85.52479	
1786	-85.52499	
1788	-85.52519	
1790	-85.52539	
1792	-85.52559	
1794	-85.52578	
1796	-85.52597	
1798	-85.52616	
1800	-85.52634	
1802	-85.52653	
1804	-85.52671	
1806	-85.52689	
1808	-85.52706	
1810	-85.52724	
1812	-85.52741	
1814	-85.52758	
1816	-85.52775	
1818	-85.52791	
1820	-85.52808	
1822	-85.52824	
1824	-85.5284	
1826	-85.52856	
1828	-85.52871	
1830	-85.52886	
1832	-85.52902	
1834	-85.52917	
1836	-85.52931	
1838	-85.52946	
1840	-85.5296	
1842	-85.52974	
1844	-85.52988	
1846	-85.53002	
1848	-85.53016	
1850	-85.53029	
1852	-85.53043	
1854	-85.53056	
1856	-85.53069	
1858	-85.53082	
1860	-85.53094	
1862	-85.53107	
1864	-85.53119	
1866	-85.53131	
1868	-85.53143	
1870	-85.53155	
1872	-85.53166	
1874	-85.53178	
1876	-85.53189	
1878	-85.532	
1880	-85.53211	
1882	-85.53222	
1884	-85.53233	
1886	-85.53243	
1888	-85.53254	
1890	-85.53264	
1892	-85.53274	
1894	-85.53284	
1896	-85.53294	
1898	-85.53304	
1900	-85.53313	
1902	-85.53323	
1904	-85.53332	
1906	-85.53341	
1908	-85.5335	
1910	-85.53359	
1912	-85.53368	
1914	-85.53377	
1916	-85.53385	
1918	-85.53394	
1920	-85.53402	
1922	-85.5341	
1924	-85.53418	
1926	-85.53426	
1928	-85.53434	
1930	-85.53442	
1932	-85.53449	
1934	-85.53457	
1936	-85.53464	
1938	-85.53471	
1940	-85.53479	
1942	-85.53486	
1944	-85.53493	
1946	-85.53499	
1948	-85.53506	
1950	-85.53513	
1952	-85.53519	
1954	-85.53526	
1956	-85.53532	
1958	-85.53538	
1960	-85.53544	
1962	-85.5355	
1964	-85.53556	
1966	-85.53562	
1968	-85.53567	
1970	-85.53573	
1972	-85.53579	
1974	-85.53584	
1976	-85.53589	
1978	-85.53595	
1980	-85.536	
1982	-85.53605	
1984	-85.5361	
1986	-85.53615	
1988	-85.53619	
1990	-85.53624	
1992	-85.53629	
1994	-85.53633	
1996	-85.53638	
1998	-85.53642	
2000	-80.22818	
2002	36.48468	
2004	56.32726	
2006	51.30941	
2008	47.44516	
2010	44.62525	
2012	42.21573	
2014	39.21515	
2016	35.60551	
2018	32.8658	
2020	31.11348	
2022	29.81831	
2024	28.80639	
2026	27.93635	
2028	27.1307	
2030	26.3555	
2032	25.6014	
2034	24.85627	
2036	24.11305	
2038	23.36751	
2040	22.61706	
2042	21.86002	
2044	21.09527	
2046	20.32204	
2048	19.53977	
2050	18.748	
2052	17.94635	
2054	17.1345	
2056	16.3121	
2058	15.47882	
2060	14.63427	
2062	13.77805	
2064	12.9097	
2066	12.02867	
2068	11.13435	
2070	10.22605	
2072	9.302948	
2074	8.364129	
2076	7.408546	
2078	6.435021	
2080	5.442235	
2082	4.428727	
2084	3.392895	
2086	2.333005	
2088	1.24721	
2090	0.1335803	
2092	-1.009852	
2094	-2.185035	
2096	-3.393821	
2098	-4.637874	
2100	-5.918576	
2102	-7.236923	
2104	-8.593449	
2106	-9.988175	
2108	-11.42063	
2110	-12.88995	
2112	-14.39513	
2114	-15.93541	
2116	-17.51087	
2118	-19.12324	
2120	-20.77694	
2122	-22.48018	
2124	-24.24599	
2126	-26.09274	
2128	-28.04335	
2130	-30.12316	
2132	-32.35667	
2134	-34.76467	
2136	-37.3625	
2138	-40.15821	
2140	-43.1488	
2142	-46.31653	
2144	-49.63274	
2146	-53.0686	
2148	-56.59931	
2150	-60.19451	
2152	-63.79989	
2154	-67.32014	
2156	-70.58759	
2158	-73.51441	
2160	-75.96398	
2162	-77.89716	
2164	-79.32312	
2166	-80.36021	
2168	-81.11292	
2170	-81.63192	
2172	-82.0071	
2174	-82.28537	
2176	-82.49888	
2178	-82.66918	
2180	-82.81038	
2182	-82.93166	
2184	-83.03898	
2186	-83.13621	
2188	-83.22585	
2190	-83.30953	
2192	-83.38836	
2194	-83.46306	
2196	-83.53413	
2198	-83.60195	
2200	-83.66677	
2202	-83.7288	
2204	-83.78822	
2206	-83.84517	
2208	-83.89977	
2210	-83.95213	
2212	-84.00237	
2214	-84.05057	
2216	-84.09683	
2218	-84.14124	
2220	-84.18388	
2222	-84.22483	
2224	-84.26416	
2226	-84.30196	
2228	-84.33828	
2230	-84.3732	
2232	-84.40678	
2234	-84.43909	
2236	-84.47017	
2238	-84.50009	
2240	-84.52889	
2242	-84.55663	
2244	-84.58336	
2246	-84.60912	
2248	-84.63395	
2250	-84.6579	
2252	-84.68101	
2254	-84.70331	
2256	-84.72484	
2258	-84.74562	
2260	-84.7657	
2262	-84.78511	
2264	-84.80387	
2266	-84.82201	
2268	-84.83955	
2270	-84.85653	
2272	-84.87296	
2274	-84.88886	
2276	-84.90427	
2278	-84.91919	
2280	-84.93366	
2282	-84.94767	
2284	-84.96127	
2286	-84.97445	
2288	-84.98724	
2290	-84.99965	
2292	-85.01169	
2294	-85.02339	
2296	-85.03474	
2298	-85.04578	
2300	-85.05649	
2302	-85.06691	
2304	-85.07704	
2306	-85.08689	
2308	-85.09646	
2310	-85.10578	
2312	-85.11484	
2314	-85.12366	
2316	-85.13225	
2318	-85.14061	
2320	-85.14875	
2322	-85.15668	
2324	-85.16441	
2326	-85.17194	
2328	-85.17927	
2330	-85.18642	
2332	-85.19339	
2334	-85.20019	
2336	-85.20682	
2338	-85.21329	
2340	-85.2196	
2342	-85.22576	
2344	-85.23177	
2346	-85.23764	
2348	-85.24337	
2350	-85.24896	
2352	-85.25442	
2354	-85.25976	
2356	-85.26497	
2358	-85.27007	
2360	-85.27504	
2362	-85.27991	
2364	-85.28466	
2366	-85.28931	
2368	-85.29386	
2370	-85.2983	
2372	-85.30265	
2374	-85.3069	
2376	-85.31106	
2378	-85.31513	
2380	-85.31912	
2382	-85.32302	
2384	-85.32683	
2386	-85.33057	
2388	-85.33423	
2390	-85.33781	
2392	-85.34132	
2394	-85.34475	
2396	-85.34812	
2398	-85.35141	
2400	-85.35464	
2402	-85.35781	
2404	-85.36091	
2406	-85.36395	
2408	-85.36693	
2410	-85.36985	
2412	-85.37271	
2414	-85.37552	
2416	-85.37827	
2418	-85.38097	
2420	-85.38362	
2422	-85.38622	
2424	-85.38877	
2426	-85.39127	
2428	-85.39372	
2430	-85.39613	
2432	-85.39849	
2434	-85.40081	
2436	-85.40308	
2438	-85.40532	
2440	-85.40751	
2442	-85.40966	
2444	-85.41178	
2446	-85.41385	
2448	-85.41589	
2450	-85.41789	
2452	-85.41986	
2454	-85.42179	
2456	-85.42369	
2458	-85.42556	
2460	-85.42739	
2462	-85.42919	
2464	-85.43096	
2466	-85.4327	
2468	-85.43441	
2470	-85.43609	
2472	-85.43774	
2474	-85.43936	
2476	-85.44096	
2478	-85.44252	
2480	-85.44407	
2482	-85.44559	
2484	-85.44708	
2486	-85.44854	
2488	-85.44999	
2490	-85.45141	
2492	-85.4528	
2494	-85.45418	
2496	-85.45553	
2498	-85.45686	
2500	-85.45817	
2502	-85.45946	
2504	-85.46072	
2506	-85.46197	
2508	-85.4632	
2510	-85.46441	
2512	-85.4656	
2514	-85.46677	
2516	-85.46792	
2518	-85.46905	
2520	-85.47017	
2522	-85.47127	
2524	-85.47235	
2526	-85.47342	
2528	-85.47447	
2530	-85.4755	
2532	-85.47652	
2534	-85.47753	
2536	-85.47851	
2538	-85.47949	
2540	-85.48045	
2542	-85.48139	
2544	-85.48232	
2546	-85.48324	
2548	-85.48414	
2550	-85.48503	
2552	-85.48591	
2554	-85.48677	
2556	-85.48763	
2558	-85.48846	
2560	-85.48929	
2562	-85.49011	
2564	-85.49091	
2566	-85.4917	
2568	-85.49248	
2570	-85.49325	
2572	-85.49401	
2574	-85.49476	
2576	-85.4955	
2578	-85.49623	
2580	-85.49694	
2582	-85.49765	
2584	-85.49835	
2586	-85.49904	
2588	-85.49971	
2590	-85.50038	
2592	-85.50104	
2594	-85.50169	
2596	-85.50233	
2598	-85.50297	
2600	-85.50359	
2602	-85.50421	
2604	-85.50481	
2606	-85.50541	
2608	-85.506	
2610	-85.50659	
2612	-85.50716	
2614	-85.50773	
2616	-85.50829	
2618	-85.50884	
2620	-85.50939	
2622	-85.50992	
2624	-85.51046	
2626	-85.51098	
2628	-85.5115	
2630	-85.51201	
2632	-85.51251	
2634	-85.51301	
2636	-85.5135	
2638	-85.51398	
2640	-85.51446	
2642	-85.51493	
2644	-85.51539	
2646	-85.51585	
2648	-85.51631	
2650	-85.51675	
2652	-85.5172	
2654	-85.51763	
2656	-85.51806	
2658	-85.51849	
2660	-85.51891	
2662	-85.51932	
2664	-85.51973	
2666	-85.52013	
2668	-85.52053	
2670	-85.52092	
2672	-85.52131	
2674	-85.5217	
2676	-85.52207	
2678	-85.52245	
2680	-85.52282	
2682	-85.52318	
2684	-85.52354	
2686	-85.5239	
2688	-85.52425	
2690	-85.52459	
2692	-85.52494	
2694	-85.52527	
2696	-85.52561	
2698	-85.52594	
2700	-85.52626	
2702	-85.52658	
2704	-85.5269	
2706	-85.52721	
2708	-85.52752	
2710	-85.52783	
2712	-85.52813	
2714	-85.52843	
2716	-85.52872	
2718	-85.52902	
2720	-85.5293	
2722	-85.52959	
2724	-85.52987	
2726	-85.53014	
2728	-85.53042	
2730	-85.53069	
2732	-85.53095	
2734	-85.53122	
2736	-85.53148	
2738	-85.53173	
2740	-85.53199	
2742	-85.53224	
2744	-85.53249	
2746	-85.53273	
2748	-85.53297	
2750	-85.53321	
2752	-85.53345	
2754	-85.53368	
2756	-85.53391	
2758	-85.53414	
2760	-85.53436	
2762	-85.53458	
2764	-85.5348	
2766	-85.53502	
2768	-85.53523	
2770	-85.53544	
2772	-85.53565	
2774	-85.53586	
2776	-85.53606	
2778	-85.53626	
2780	-85.53646	
2782	-85.53666	
2784	-85.53685	
2786	-85.53704	
2788	-85.53723	
2790	-85.53742	
2792	-85.5376	
2794	-85.53778	
2796	-85.53796	
2798	-85.53814	
2800	-85.53832	
2802	-85.53849	
2804	-85.53866	
2806	-85.53883	
2808	-85.539	
2810	-85.53916	
2812	-85.53932	
2814	-85.53948	
2816	-85.53964	
2818	-85.5398	
2820	-85.53995	
2822	-85.54011	
2824	-85.54026	
2826	-85.54041	
2828	-85.54055	
2830	-85.5407	
2832	-85.54084	
2834	-85.54099	
2836	-85.54112	
2838	-85.54126	
2840	-85.5414	
2842	-85.54153	
2844	-85.54167	
2846	-85.5418	
2848	-85.54193	
2850	-85.54206	
2852	-85.54218	
2854	-85.54231	
2856	-85.54243	
2858	-85.54255	
2860	-85.54267	
2862	-85.54279	
2864	-85.54291	
2866	-85.54302	
2868	-85.54314	
2870	-85.54325	
2872	-85.54336	
2874	-85.54347	
2876	-85.54358	
2878	-85.54368	
2880	-85.54379	
2882	-85.54389	
2884	-85.544	
2886	-85.5441	
2888	-85.5442	
2890	-85.54429	
2892	-85.54439	
2894	-85.54449	
2896	-85.54458	
2898	-85.54468	
2900	-85.54477	
2902	-85.54486	
2904	-85.54495	
2906	-85.54504	
2908	-85.54512	
2910	-85.54521	
2912	-85.54529	
2914	-85.54538	
2916	-85.54546	
2918	-85.54554	
2920	-85.54562	
2922	-85.5457	
2924	-85.54578	
2926	-85.54585	
2928	-85.54593	
2930	-85.546	
2932	-85.54608	
2934	-85.54615	
2936	-85.54622	
2938	-85.54629	
2940	-85.54636	
2942	-85.54643	
2944	-85.54649	
2946	-85.54656	
2948	-85.54663	
2950	-85.54669	
2952	-85.54675	
2954	-85.54682	
2956	-85.54688	
2958	-85.54694	
2960	-85.547	
2962	-85.54705	
2964	-85.54711	
2966	-85.54717	
2968	-85.54722	
2970	-85.54728	
2972	-85.54733	
2974	-85.54739	
2976	-85.54744	
2978	-85.54749	
2980	-85.54754	
2982	-85.54759	
2984	-85.54764	
2986	-85.54769	
2988	-85.54773	
2990	-85.54778	
2992	-85.54783	
2994	-85.54787	
2996	-85.54791	
2998	-85.54796	
3000	-80.67054	
3002	37.21892	
3004	56.57973	
3006	51.35435	
3008	47.50506	
3010	44.72244	
3012	42.44739	
3014	40.01037	
3016	36.4489	
3018	33.61705	
3020	31.85407	
3022	30.36017	
3024	29.25623	
3026	28.32003	
3028	27.47843	
3030	26.68907	
3032	25.92756	
3034	25.17966	
3036	24.43692	
3038	23.69419	
3040	22.94824	
3042	22.19698	
3044	21.439	
3046	20.67335	
3048	19.89931	
3050	19.11635	
3052	18.32403	
3054	17.52199	
3056	16.70986	
3058	15.8873	
3060	15.05395	
3062	14.2094	
3064	13.35322	
3066	12.4849	
3068	11.60386	
3070	10.70945	
3072	9.800901	
3074	8.87734	
3076	7.937773	
3078	6.98107	
3080	6.00596	
3082	5.011016	
3084	3.99466	
3086	2.955163	
3088	1.890653	
3090	0.7991359	
3092	-0.3214688	
3094	-1.473284	
3096	-2.658409	
3098	-3.878838	
3100	-5.136364	
3102	-6.432476	
3104	-7.768256	
3106	-9.1443	
3108	-10.56068	
3110	-12.01699	
3112	-13.51248	
3114	-15.04637	
3116	-16.61831	
3118	-18.22914	
3120	-19.88181	
3122	-21.58255	
3124	-23.34215	
3126	-25.17679	
3128	-27.10811	
3130	-29.16163	
3132	-31.36365	
3134	-33.73782	
3136	-36.30271	
3138	-39.07012	
3140	-42.04204	
3142	-45.20599	
3144	-48.53533	
3146	-51.99919	
3148	-55.57077	
3150	-59.22171	
3152	-62.90407	
3154	-66.5302	
3156	-69.96479	
3158	-73.04683	
3160	-75.64249	
3162	-77.69545	
3164	-79.22418	
3166	-80.34198	
3168	-81.13489	
3170	-81.69533	
3172	-82.0958	
3174	-82.38871	
3176	-82.61012	
3178	-82.78409	
3180	-82.92639	
3182	-83.04725	
3184	-83.15324	
3186	-83.24862	
3188	-83.33613	
3190	-83.41754	
3192	-83.49403	
3194	-83.56637	
3196	-83.6351	
3198	-83.7006	
3200	-83.76315	
3202	-83.82295	
3204	-83.88018	
3206	-83.93499	
3208	-83.9875	
3210	-84.03782	
3212	-84.08605	
3214	-84.13231	
3216	-84.17666	
3218	-84.21922	
3220	-84.26004	
3222	-84.29923	
3224	-84.33684	
3226	-84.37296	
3228	-84.40765	
3230	-84.44098	
3232	-84.47301	
3234	-84.5038	
3236	-84.53341	
3238	-84.5619	
3240	-84.58931	
3242	-84.6157	
3244	-84.64111	
3246	-84.66559	
3248	-84.68918	
3250	-84.71192	
3252	-84.73384	
3254	-84.75499	
3256	-84.7754	
3258	-84.79511	
3260	-84.81413	
3262	-84.83251	
3264	-84.85027	
3266	-84.86744	
3268	-84.88404	
3270	-84.9001	
3272	-84.91564	
3274	-84.93068	
3276	-84.94524	
3278	-84.95934	
3280	-84.973	
3282	-84.98624	
3284	-84.99907	
3286	-85.01152	
3288	-85.02359	
3290	-85.0353	
3292	-85.04667	
3294	-85.0577	
3296	-85.06841	
3298	-85.07882	
3300	-85.08893	
3302	-85.09875	
3304	-85.1083	
3306	-85.11758	
3308	-85.12661	
3310	-85.13539	
3312	-85.14393	
3314	-85.15224	
3316	-85.16034	
3318	-85.16821	
3320	-85.17588	
3322	-85.18335	
3324	-85.19063	
3326	-85.19772	
3328	-85.20463	
3330	-85.21137	
3332	-85.21794	
3334	-85.22434	
3336	-85.23059	
3338	-85.23668	
3340	-85.24263	
3342	-85.24843	
3344	-85.25409	
3346	-85.25962	
3348	-85.26501	
3350	-85.27028	
3352	-85.27543	
3354	-85.28045	
3356	-85.28536	
3358	-85.29016	
3360	-85.29485	
3362	-85.29944	
3364	-85.30392	
3366	-85.3083	
3368	-85.31258	
3370	-85.31677	
3372	-85.32087	
3374	-85.32488	
3376	-85.3288	
3378	-85.33263	
3380	-85.33639	
3382	-85.34007	
3384	-85.34366	
3386	-85.34719	
3388	-85.35064	
3390	-85.35401	
3392	-85.35732	
3394	-85.36056	
3396	-85.36374	
3398	-85.36685	
3400	-85.36989	
3402	-85.37288	
3404	-85.3758	
3406	-85.37867	
3408	-85.38149	
3410	-85.38424	
3412	-85.38694	
3414	-85.3896	
3416	-85.39219	
3418	-85.39474	
3420	-85.39724	
3422	-85.3997	
3424	-85.4021	
3426	-85.40447	
3428	-85.40678	
3430	-85.40906	
3432	-85.41129	
3434	-85.41348	
3436	-85.41563	
3438	-85.41774	
3440	-85.41982	
3442	-85.42185	
3444	-85.42385	
3446	-85.42581	
3448	-85.42774	
3450	-85.42964	
3452	-85.4315	
3454	-85.43332	
3456	-85.43512	
3458	-85.43688	
3460	-85.43862	
3462	-85.44032	
3464	-85.442	
3466	-85.44364	
3468	-85.44526	
3470	-85.44685	
3472	-85.44842	
3474	-85.44995	
3476	-85.45147	
3478	-85.45295	
3480	-85.45441	
3482	-85.45585	
3484	-85.45727	
3486	-85.45866	
3488	-85.46002	
3490	-85.46137	
3492	-85.4627	
3494	-85.464	
3496	-85.46528	
3498	-85.46654	
3500	-85.46778	
3502	-85.469	
3504	-85.47021	
3506	-85.47139	
3508	-85.47256	
3510	-85.4737	
3512	-85.47483	
3514	-85.47594	
3516	-85.47704	
3518	-85.47811	
3520	-85.47918	
3522	-85.48022	
3524	-85.48125	
3526	-85.48226	
3528	-85.48326	
3530	-85.48424	
3532	-85.48521	
3534	-85.48616	
3536	-85.4871	
3538	-85.48803	
3540	-85.48894	
3542	-85.48984	
3544	-85.49073	
3546	-85.4916	
3548	-85.49246	
3550	-85.4933	
3552	-85.49414	
3554	-85.49496	
3556	-85.49577	
3558	-85.49657	
3560	-85.49736	
3562	-85.49814	
3564	-85.4989	
3566	-85.49966	
3568	-85.5004	
3570	-85.50113	
3572	-85.50186	
3574	-85.50257	
3576	-85.50327	
3578	-85.50396	
3580	-85.50465	
3582	-85.50532	
3584	-85.50599	
3586	-85.50664	
3588	-85.50729	
3590	-85.50793	
3592	-85.50856	
3594	-85.50918	
3596	-85.50979	
3598	-85.51039	
3600	-85.51099	
3602	-85.51158	
3604	-85.51216	
3606	-85.51273	
3608	-85.51329	
3610	-85.51385	
3612	-85.5144	
3614	-85.51494	
3616	-85.51547	
3618	-85.516	
3620	-85.51652	
3622	-85.51704	
3624	-85.51754	
3626	-85.51804	
3628	-85.51854	
3630	-85.51902	
3632	-85.51951	
3634	-85.51998	
3636	-85.52045	
3638	-85.52091	
3640	-85.52137	
3642	-85.52182	
3644	-85.52226	
3646	-85.5227	
3648	-85.52314	
3650	-85.52357	
3652	-85.52399	
3654	-85.52441	
3656	-85.52482	
3658	-85.52522	
3660	-85.52563	
3662	-85.52602	
3664	-85.52641	
3666	-85.5268	
3668	-85.52718	
3670	-85.52756	
3672	-85.52793	
3674	-85.5283	
3676	-85.52866	
3678	-85.52902	
3680	-85.52937	
3682	-85.52972	
3684	-85.53007	
3686	-85.53041	
3688	-85.53074	
3690	-85.53108	
3692	-85.53141	
3694	-85.53173	
3696	-85.53205	
3698	-85.53237	
3700	-85.53268	
3702	-85.53299	
3704	-85.53329	
3706	-85.53359	
3708	-85.53389	
3710	-85.53418	
3712	-85.53447	
3714	-85.53476	
3716	-85.53504	
3718	-85.53532	
3720	-85.5356	
3722	-85.53587	
3724	-85.53614	
3726	-85.53641	
3728	-85.53667	
3730	-85.53693	
3732	-85.53718	
3734	-85.53744	
3736	-85.53769	
3738	-85.53794	
3740	-85.53818	
3742	-85.53842	
3744	-85.53866	
3746	-85.5389	
3748	-85.53913	
3750	-85.53936	
3752	-85.53958	
3754	-85.53981	
3756	-85.54003	
3758	-85.54025	
3760	-85.54047	
3762	-85.54068	
3764	-85.54089	
3766	-85.5411	
3768	-85.5413	
3770	-85.54151	
3772	-85.54171	
3774	-85.54191	
3776	-85.5421	
3778	-85.5423	
3780	-85.54249	
3782	-85.54268	
3784	-85.54286	
3786	-85.54305	
3788	-85.54323	
3790	-85.54341	
3792	-85.54359	
3794	-85.54376	
3796	-85.54394	
3798	-85.54411	
3800	-85.54428	
3802	-85.54445	
3804	-85.54461	
3806	-85.54477	
3808	-85.54493	
3810	-85.54509	
3812	-85.54525	
3814	-85.54541	
3816	-85.54556	
3818	-85.54571	
3820	-85.54586	
3822	-85.54601	
3824	-85.54616	
3826	-85.5463	
3828	-85.54644	
3830	-85.54658	
3832	-85.54672	
3834	-85.54686	
3836	-85.54699	
3838	-85.54713	
3840	-85.54726	
3842	-85.54739	
3844	-85.54752	
3846	-85.54765	
3848	-85.54777	
3850	-85.5479	
3852	-85.54802	
3854	-85.54814	
3856	-85.54826	
3858	-85.54838	
3860	-85.54849	
3862	-85.54861	
3864	-85.54872	
3866	-85.54883	
3868	-85.54895	
3870	-85.54905	
3872	-85.54916	
3874	-85.54927	
3876	-85.54937	
3878	-85.54948	
3880	-85.54958	
3882	-85.54968	
3884	-85.54978	
3886	-85.54988	
3888	-85.54998	
3890	-85.55007	
3892	-85.55017	
3894	-85.55026	
3896	-85.55035	
3898	-85.55044	
3900	-85.55053	
3902	-85.55062	
3904	-85.55071	
3906	-85.55079	
3908	-85.55088	
3910	-85.55096	
3912	-85.55104	
3914	-85.55113	
3916	-85.55121	
3918	-85.55129	
3920	-85.55136	
3922	-85.55144	
3924	-85.55152	
3926	-85.55159	
3928	-85.55167	
3930	-85.55174	
3932	-85.55181	
3934	-85.55188	
3936	-85.55195	
3938	-85.55202	
3940	-85.55209	
3942	-85.55215	
3944	-85.55222	
3946	-85.55228	
3948	-85.55235	
3950	-85.55241	
3952	-85.55247	
3954	-85.55253	
3956	-85.55259	
3958	-85.55265	
3960	-85.55271	
3962	-85.55277	
3964	-85.55283	
3966	-85.55288	
3968	-85.55294	
3970	-85.55299	
3972	-85.55304	
3974	-85.5531	
3976	-85.55315	
3978	-85.5532	
3980	-85.55325	
3982	-85.5533	
3984	-85.55335	
3986	-85.55339	
3988	-85.55344	
3990	-85.55349	
3992	-85.55353	
3994	-85.55357	
3996	-85.55362	
3998	-85.55366	
4000	-80.44419	
4002	37.04543	
4004	56.66368	
4006	51.25843	
4008	47.45236	
4010	44.70946	
4012	42.54726	
4014	40.3099	
4016	36.97147	
4018	34.17928	
4020	32.1807	
4022	30.75359	
4024	29.59743	
4026	28.62667	
4028	27.76315	
4030	26.96054	
4032	26.19158	
4034	25.44017	
4036	24.69661	
4038	23.95493	
4040	23.21138	
4042	22.46351	
4044	21.7097	
4046	20.9488	
4048	20.18002	
4050	19.40274	
4052	18.61648	
4054	17.82083	
4056	17.01542	
4058	16.19991	
4060	15.37393	
4062	14.53711	
4064	13.689	
4066	12.82915	
4068	11.95699	
4070	11.0719	
4072	10.17317	
4074	9.259953	
4076	8.33131	
4078	7.386157	
4080	6.42327	
4082	5.441272	
4084	4.438626	
4086	3.413637	
4088	2.364455	
4090	1.289085	
4092	0.1854194	
4094	-0.9487276	
4096	-2.115564	
4098	-3.317248	
4100	-4.555795	
4102	-5.832978	
4104	-7.150223	
4106	-8.508505	
4108	-9.908291	
4110	-11.34953	
4112	-12.83173	
4114	-14.3542	
4116	-15.91644	
4118	-17.51874	
4120	-19.16309	
4122	-20.85426	
4124	-22.60113	
4126	-24.41783	
4128	-26.32423	
4130	-28.34508	
4132	-30.5074	
4134	-32.83677	
4136	-35.35434	
4138	-38.07497	
4140	-41.00481	
4142	-44.13673	
4144	-47.44781	
4146	-50.90666	
4148	-54.48444	
4150	-58.15409	
4152	-61.8746	
4154	-65.54885	
4156	-69.02323	
4158	-72.26136	
4160	-75.0365	
4162	-77.27469	
4164	-78.9932	
4166	-80.21022	
4168	-81.07299	
4170	-81.68001	
4172	-82.11036	
4174	-82.42167	
4176	-82.65415	
4178	-82.83444	
4180	-82.98015	
4182	-83.10261	
4184	-83.2091	
4186	-83.30431	
4188	-83.39125	
4190	-83.47185	
4192	-83.5474	
4194	-83.61873	
4196	-83.68642	
4198	-83.75086	
4200	-83.81235	
4202	-83.8711	
4204	-83.92729	
4206	-83.98108	
4208	-84.03258	
4210	-84.08191	
4212	-84.12919	
4214	-84.17449	
4216	-84.21792	
4218	-84.25957	
4220	-84.29951	
4222	-84.33783	
4224	-84.37459	
4226	-84.40988	
4228	-84.44376	
4230	-84.47631	
4232	-84.50757	
4234	-84.53761	
4236	-84.56649	
4238	-84.59426	
4240	-84.62098	
4242	-84.64669	
4244	-84.67144	
4246	-84.69527	
4248	-84.71823	
4250	-84.74036	
4252	-84.76169	
4254	-84.78226	
4256	-84.80211	
4258	-84.82126	
4260	-84.83975	
4262	-84.85761	
4264	-84.87486	
4266	-84.89153	
4268	-84.90765	
4270	-84.92324	
4272	-84.93832	
4274	-84.95291	
4276	-84.96704	
4278	-84.98072	
4280	-84.99397	
4282	-85.00681	
4284	-85.01925	
4286	-85.03132	
4288	-85.04302	
4290	-85.05437	
4292	-85.06539	
4294	-85.07608	
4296	-85.08646	
4298	-85.09654	
4300	-85.10633	
4302	-85.11584	
4304	-85.12509	
4306	-85.13408	
4308	-85.14282	
4310	-85.15132	
4312	-85.15959	
4314	-85.16764	
4316	-85.17547	
4318	-85.18309	
4320	-85.19052	
4322	-85.19775	
4324	-85.20479	
4326	-85.21165	
4328	-85.21834	
4330	-85.22486	
4332	-85.23121	
4334	-85.23741	
4336	-85.24345	
4338	-85.24935	
4340	-85.2551	
4342	-85.26071	
4344	-85.26619	
4346	-85.27154	
4348	-85.27676	
4350	-85.28185	
4352	-85.28683	
4354	-85.29169	
4356	-85.29645	
4358	-85.30109	
4360	-85.30562	
4362	-85.31006	
4364	-85.31439	
4366	-85.31863	
4368	-85.32277	
4370	-85.32683	
4372	-85.33079	
4374	-85.33467	
4376	-85.33846	
4378	-85.34217	
4380	-85.34581	
4382	-85.34936	
4384	-85.35285	
4386	-85.35625	
4388	-85.35959	
4390	-85.36286	
4392	-85.36606	
4394	-85.3692	
4396	-85.37227	
4398	-85.37528	
4400	-85.37823	
4402	-85.38112	
4404	-85.38395	
4406	-85.38672	
4408	-85.38945	
4410	-85.39211	
4412	-85.39473	
4414	-85.3973	
4416	-85.39981	
4418	-85.40228	
4420	-85.4047	
4422	-85.40708	
4424	-85.40941	
4426	-85.41169	
4428	-85.41394	
4430	-85.41614	
4432	-85.4183	
4434	-85.42042	
4436	-85.42251	
4438	-85.42455	
4440	-85.42656	
4442	-85.42853	
4444	-85.43047	
4446	-85.43237	
4448	-85.43424	
4450	-85.43607	
4452	-85.43788	
4454	-85.43965	
4456	-85.44139	
4458	-85.4431	
4460	-85.44478	
4462	-85.44643	
4464	-85.44805	
4466	-85.44965	
4468	-85.45122	
4470	-85.45276	
4472	-85.45427	
4474	-85.45576	
4476	-85.45723	
4478	-85.45867	
4480	-85.46009	
4482	-85.46148	
4484	-85.46285	
4486	-85.4642	
4488	-85.46553	
4490	-85.46684	
4492	-85.46812	
4494	-85.46938	
4496	-85.47063	
4498	-85.47185	
4500	-85.47306	
4502	-85.47424	
4504	-85.47541	
4506	-85.47656	
4508	-85.47769	
4510	-85.4788	
4512	-85.4799	
4514	-85.48098	
4516	-85.48204	
4518	-85.48308	
4520	-85.48411	
4522	-85.48513	
4524	-85.48613	
4526	-85.48711	
4528	-85.48808	
4530	-85.48903	
4532	-85.48997	
4534	-85.4909	
4536	-85.49181	
4538	-85.49271	
4540	-85.4936	
4542	-85.49447	
4544	-85.49533	
4546	-85.49618	
4548	-85.49701	
4550	-85.49784	
4552	-85.49865	
4554	-85.49945	
4556	-85.50024	
4558	-85.50101	
4560	-85.50178	
4562	-85.50253	
4564	-85.50328	
4566	-85.50401	
4568	-85.50473	
4570	-85.50545	
4572	-85.50615	
4574	-85.50684	
4576	-85.50753	
4578	-85.5082	
4580	-85.50887	
4582	-85.50952	
4584	-85.51017	
4586	-85.51081	
4588	-85.51144	
4590	-85.51206	
4592	-85.51267	
4594	-85.51327	
4596	-85.51387	
4598	-85.51445	
4600	-85.51503	
4602	-85.51561	
4604	-85.51617	
4606	-85.51673	
4608	-85.51728	
4610	-85.51782	
4612	-85.51835	
4614	-85.51888	
4616	-85.5194	
4618	-85.51992	
4620	-85.52042	
4622	-85.52092	
4624	-85.52142	
4626	-85.5219	
4628	-85.52239	
4630	-85.52286	
4632	-85.52333	
4634	-85.52379	
4636	-85.52425	
4638	-85.5247	
4640	-85.52514	
4642	-85.52558	
4644	-85.52602	
4646	-85.52645	
4648	-85.52687	
4650	-85.52729	
4652	-85.5277	
4654	-85.5281	
4656	-85.52851	
4658	-85.5289	
4660	-85.52929	
4662	-85.52968	
4664	-85.53006	
4666	-85.53044	
4668	-85.53081	
4670	-85.53118	
4672	-85.53154	
4674	-85.5319	
4676	-85.53226	
4678	-85.5326	
4680	-85.53295	
4682	-85.53329	
4684	-85.53363	
4686	-85.53396	
4688	-85.53429	
4690	-85.53461	
4692	-85.53493	
4694	-85.53525	
4696	-85.53556	
4698	-85.53587	
4700	-85.53618	
4702	-85.53648	
4704	-85.53678	
4706	-85.53707	
4708	-85.53736	
4710	-85.53765	
4712	-85.53793	
4714	-85.53821	
4716	-85.53849	
4718	-85.53876	
4720	-85.53903	
4722	-85.5393	
4724	-85.53956	
4726	-85.53982	
4728	-85.54008	
4730	-85.54033	
4732	-85.54058	
4734	-85.54083	
4736	-85.54107	
4738	-85.54131	
4740	-85.54155	
4742	-85.54179	
4744	-85.54202	
4746	-85.54225	
4748	-85.54248	
4750	-85.5427	
4752	-85.54293	
4754	-85.54315	
4756	-85.54336	
4758	-85.54358	
4760	-85.54379	
4762	-85.544	
4764	-85.5442	
4766	-85.54441	
4768	-85.54461	
4770	-85.54481	
4772	-85.54501	
4774	-85.5452	
4776	-85.54539	
4778	-85.54558	
4780	-85.54577	
4782	-85.54595	
4784	-85.54614	
4786	-85.54632	
4788	-85.5465	
4790	-85.54667	
4792	-85.54685	
4794	-85.54702	
4796	-85.54719	
4798	-85.54736	
4800	-85.54752	
4802	-85.54769	
4804	-85.54785	
4806	-85.54801	
4808	-85.54817	
4810	-85.54832	
4812	-85.54848	
4814	-85.54863	
4816	-85.54878	
4818	-85.54893	
4820	-85.54908	
4822	-85.54922	
4824	-85.54936	
4826	-85.54951	
4828	-85.54965	
4830	-85.54978	
4832	-85.54992	
4834	-85.55006	
4836	-85.55019	
4838	-85.55032	
4840	-85.55045	
4842	-85.55058	
4844	-85.5507	
4846	-85.55083	
4848	-85.55095	
4850	-85.55107	
4852	-85.5512	
4854	-85.55131	
4856	-85.55143	
4858	-85.55155	
4860	-85.55166	
4862	-85.55178	
4864	-85.55189	
4866	-85.552	
4868	-85.55211	
4870	-85.55221	
4872	-85.55232	
4874	-85.55242	
4876	-85.55253	
4878	-85.55263	
4880	-85.55273	
4882	-85.55283	
4884	-85.55293	
4886	-85.55303	
4888	-85.55312	
4890	-85.55322	
4892	-85.55331	
4894	-85.5534	
4896	-85.55349	
4898	-85.55358	
4900	-85.55367	
4902	-85.55376	
4904	-85.55384	
4906	-85.55393	
4908	-85.55401	
4910	-85.55409	
4912	-85.55418	
4914	-85.55426	
4916	-85.55433	
4918	-85.55441	
4920	-85.55449	
4922	-85.55457	
4924	-85.55464	
4926	-85.55472	
4928	-85.55479	
4930	-85.55486	
4932	-85.55493	
4934	-85.555	
4936	-85.55507	
4938	-85.55514	
4940	-85.55521	
4942	-85.55527	
4944	-85.55534	
4946	-85.5554	
4948	-85.55546	
4950	-85.55553	
4952	-85.55559	
4954	-85.55565	
4956	-85.55571	
4958	-85.55577	
4960	-85.55583	
4962	-85.55588	
4964	-85.55594	
4966	-85.55599	
4968	-85.55605	
4970	-85.5561	
4972	-85.55615	
4974	-85.55621	
4976	-85.55626	
4978	-85.55631	
4980	-85.55636	
4982	-85.55641	
4984	-85.55645	
4986	-85.5565	
4988	-85.55655	
4990	-85.55659	
4992	-85.55664	
4994	-85.55668	
4996	-85.55673	
4998	-85.55677	
5000	-80.52997	
5002	36.70017	
5004	56.45237	
5006	51.21951	
5008	47.55115	
5010	44.67865	
5012	42.5702	
5014	40.46307	
5016	37.30827	
5018	34.52052	
5020	32.45958	
5022	30.95775	
5024	29.77777	
5026	28.79008	
5028	27.91522	
5030	27.10545	
5032	26.33231	
5034	25.57882	
5036	24.83467	
5038	24.09347	
5040	23.35118	
5042	22.60517	
5044	21.85366	
5046	21.09545	
5048	20.32966	
5050	19.55563	
5052	18.77285	
5054	17.9809	
5056	17.1794	
5058	16.368	
5060	15.54635	
5062	14.71405	
5064	13.8707	
5066	13.01584	
5068	12.14893	
5070	11.26937	
5072	10.37646	
5074	9.469386	
5076	8.547238	
5078	7.608961	
5080	6.653359	
5082	5.679085	
5084	4.684633	
5086	3.66833	
5088	2.628345	
5090	1.562692	
5092	0.4692595	
5094	-0.6541638	
5096	-1.809834	
5098	-2.999986	
5100	-4.226749	
5102	-5.492047	
5104	-6.79749	
5106	-8.144273	
5108	-9.533093	
5110	-10.96413	
5112	-12.43707	
5114	-13.95135	
5116	-15.50643	
5118	-17.10239	
5120	-18.74073	
5122	-20.42549	
5124	-22.16448	
5126	-23.97057	
5128	-25.86248	
5130	-27.86424	
5132	-30.00298	
5134	-32.30529	
5136	-34.7938	
5138	-37.48513	
5140	-40.38773	
5142	-43.49765	
5144	-46.79475	
5146	-50.24803	
5148	-53.82737	
5150	-57.50579	
5152	-61.24577	
5154	-64.93111	
5156	-68.46636	
5158	-71.83591	
5160	-74.69973	
5162	-77.02502	
5164	-78.79866	
5166	-80.09187	
5168	-80.99973	
5170	-81.64229	
5172	-82.09963	
5174	-82.42811	
5176	-82.67114	
5178	-82.85782	
5180	-83.00724	
5182	-83.13174	
5184	-83.23924	
5186	-83.33483	
5188	-83.42176	
5190	-83.50213	
5192	-83.57729	
5194	-83.64816	
5196	-83.71533	
5198	-83.77923	
5200	-83.84016	
5202	-83.89836	
5204	-83.954	
5206	-84.00724	
5208	-84.0582	
5210	-84.107	
5212	-84.15375	
5214	-84.19854	
5216	-84.24147	
5218	-84.28262	
5220	-84.32207	
5222	-84.35991	
5224	-84.39621	
5226	-84.43104	
5228	-84.46448	
5230	-84.49658	
5232	-84.52742	
5234	-84.55704	
5236	-84.58551	
5238	-84.61289	
5240	-84.63922	
5242	-84.66455	
5244	-84.68893	
5246	-84.7124	
5248	-84.73501	
5250	-84.75679	
5252	-84.77779	
5254	-84.79803	
5256	-84.81756	
5258	-84.8364	
5260	-84.85459	
5262	-84.87215	
5264	-84.88912	
5266	-84.90551	
5268	-84.92135	
5270	-84.93668	
5272	-84.9515	
5274	-84.96584	
5276	-84.97972	
5278	-84.99316	
5280	-85.00617	
5282	-85.01878	
5284	-85.03101	
5286	-85.04285	
5288	-85.05434	
5290	-85.06549	
5292	-85.0763	
5294	-85.08679	
5296	-85.09698	
5298	-85.10687	
5300	-85.11648	
5302	-85.12582	
5304	-85.13489	
5306	-85.14371	
5308	-85.15229	
5310	-85.16063	
5312	-85.16874	
5314	-85.17664	
5316	-85.18432	
5318	-85.1918	
5320	-85.19908	
5322	-85.20617	
5324	-85.21308	
5326	-85.21981	
5328	-85.22637	
5330	-85.23276	
5332	-85.23899	
5334	-85.24507	
5336	-85.25099	
5338	-85.25677	
5340	-85.26241	
5342	-85.26791	
5344	-85.27328	
5346	-85.27853	
5348	-85.28364	
5350	-85.28864	
5352	-85.29352	
5354	-85.29829	
5356	-85.30295	
5358	-85.3075	
5360	-85.31194	
5362	-85.31629	
5364	-85.32054	
5366	-85.32469	
5368	-85.32876	
5370	-85.33273	
5372	-85.33661	
5374	-85.34042	
5376	-85.34414	
5378	-85.34778	
5380	-85.35134	
5382	-85.35482	
5384	-85.35824	
5386	-85.36158	
5388	-85.36485	
5390	-85.36805	
5392	-85.37119	
5394	-85.37427	
5396	-85.37728	
5398	-85.38023	
5400	-85.38312	
5402	-85.38595	
5404	-85.38873	
5406	-85.39145	
5408	-85.39412	
5410	-85.39674	
5412	-85.3993	
5414	-85.40182	
5416	-85.40428	
5418	-85.4067	
5420	-85.40908	
5422	-85.41141	
5424	-85.41369	
5426	-85.41594	
5428	-85.41814	
5430	-85.4203	
5432	-85.42242	
5434	-85.4245	
5436	-85.42654	
5438	-85.42855	
5440	-85.43051	
5442	-85.43245	
5444	-85.43435	
5446	-85.43621	
5448	-85.43805	
5450	-85.43985	
5452	-85.44161	
5454	-85.44335	
5456	-85.44506	
5458	-85.44674	
5460	-85.44839	
5462	-85.45001	
5464	-85.4516	
5466	-85.45316	
5468	-85.4547	
5470	-85.45622	
5472	-85.4577	
5474	-85.45917	
5476	-85.46061	
5478	-85.46202	
5480	-85.46341	
5482	-85.46478	
5484	-85.46613	
5486	-85.46745	
5488	-85.46875	
5490	-85.47003	
5492	-85.47129	
5494	-85.47254	
5496	-85.47376	
5498	-85.47496	
5500	-85.47614	
5502	-85.4773	
5504	-85.47845	
5506	-85.47958	
5508	-85.48069	
5510	-85.48178	
5512	-85.48286	
5514	-85.48392	
5516	-85.48496	
5518	-85.48599	
5520	-85.487	
5522	-85.48799	
5524	-85.48898	
5526	-85.48994	
5528	-85.49089	
5530	-85.49183	
5532	-85.49275	
5534	-85.49366	
5536	-85.49456	
5538	-85.49544	
5540	-85.49631	
5542	-85.49717	
5544	-85.49802	
5546	-85.49885	
5548	-85.49967	
5550	-85.50048	
5552	-85.50128	
5554	-85.50206	
5556	-85.50284	
5558	-85.5036	
5560	-85.50435	
5562	-85.50509	
5564	-85.50583	
5566	-85.50655	
5568	-85.50726	
5570	-85.50796	
5572	-85.50865	
5574	-85.50933	
5576	-85.51	
5578	-85.51067	
5580	-85.51132	
5582	-85.51197	
5584	-85.5126	
5586	-85.51323	
5588	-85.51385	
5590	-85.51446	
5592	-85.51506	
5594	-85.51565	
5596	-85.51624	
5598	-85.51682	
5600	-85.51739	
5602	-85.51795	
5604	-85.5185	
5606	-85.51905	
5608	-85.51959	
5610	-85.52013	
5612	-85.52065	
5614	-85.52117	
5616	-85.52168	
5618	-85.52219	
5620	-85.52269	
5622	-85.52318	
5624	-85.52367	
5626	-85.52415	
5628	-85.52462	
5630	-85.52509	
5632	-85.52555	
5634	-85.526	
5636	-85.52645	
5638	-85.5269	
5640	-85.52734	
5642	-85.52777	
5644	-85.52819	
5646	-85.52862	
5648	-85.52903	
5650	-85.52944	
5652	-85.52985	
5654	-85.53025	
5656	-85.53064	
5658	-85.53104	
5660	-85.53142	
5662	-85.5318	
5664	-85.53218	
5666	-85.53255	
5668	-85.53292	
5670	-85.53328	
5672	-85.53364	
5674	-85.53399	
5676	-85.53434	
5678	-85.53468	
5680	-85.53502	
5682	-85.53536	
5684	-85.53569	
5686	-85.53602	
5688	-85.53634	
5690	-85.53666	
5692	-85.53698	
5694	-85.53729	
5696	-85.5376	
5698	-85.5379	
5700	-85.5382	
5702	-85.5385	
5704	-85.53879	
5706	-85.53908	
5708	-85.53937	
5710	-85.53965	
5712	-85.53993	
5714	-85.54021	
5716	-85.54048	
5718	-85.54075	
5720	-85.54101	
5722	-85.54128	
5724	-85.54154	
5726	-85.54179	
5728	-85.54205	
5730	-85.5423	
5732	-85.54254	
5734	-85.54279	
5736	-85.54303	
5738	-85.54327	
5740	-85.5435	
5742	-85.54374	
5744	-85.54397	
5746	-85.54419	
5748	-85.54442	
5750	-85.54464	
5752	-85.54486	
5754	-85.54508	
5756	-85.54529	
5758	-85.5455	
5760	-85.54571	
5762	-85.54592	
5764	-85.54612	
5766	-85.54632	
5768	-85.54652	
5770	-85.54672	
5772	-85.54691	
5774	-85.5471	
5776	-85.54729	
5778	-85.54748	
5780	-85.54767	
5782	-85.54785	
5784	-85.54803	
5786	-85.54821	
5788	-85.54838	
5790	-85.54856	
5792	-85.54873	
5794	-85.5489	
5796	-85.54907	
5798	-85.54923	
5800	-85.5494	
5802	-85.54956	
5804	-85.54972	
5806	-85.54988	
5808	-85.55004	
5810	-85.55019	
5812	-85.55034	
5814	-85.55049	
5816	-85.55064	
5818	-85.55079	
5820	-85.55093	
5822	-85.55108	
5824	-85.55122	
5826	-85.55136	
5828	-85.5515	
5830	-85.55163	
5832	-85.55177	
5834	-85.5519	
5836	-85.55203	
5838	-85.55217	
5840	-85.55229	
5842	-85.55242	
5844	-85.55255	
5846	-85.55267	
5848	-85.55279	
5850	-85.55291	
5852	-85.55303	
5854	-85.55315	
5856	-85.55327	
5858	-85.55338	
5860	-85.55349	
5862	-85.55361	
5864	-85.55372	
5866	-85.55383	
5868	-85.55393	
5870	-85.55404	
5872	-85.55415	
5874	-85.55425	
5876	-85.55435	
5878	-85.55445	
5880	-85.55455	
5882	-85.55465	
5884	-85.55475	
5886	-85.55485	
5888	-85.55494	
5890	-85.55503	
5892	-85.55513	
5894	-85.55522	
5896	-85.55531	
5898	-85.5554	
5900	-85.55548	
5902	-85.55557	
5904	-85.55566	
5906	-85.55574	
5908	-85.55582	
5910	-85.55591	
5912	-85.55599	
5914	-85.55607	
5916	-85.55615	
5918	-85.55622	
5920	-85.5563	
5922	-85.55638	
5924	-85.55645	
5926	-85.55652	
5928	-85.5566	
5930	-85.55667	
5932	-85.55674	
5934	-85.55681	
5936	-85.55688	
5938	-85.55694	
5940	-85.55701	
5942	-85.55708	
5944	-85.55714	
5946	-85.55721	
5948	-85.55727	
5950	-85.55733	
5952	-85.55739	
5954	-85.55745	
5956	-85.55751	
5958	-85.55757	
5960	-85.55763	
5962	-85.55769	
5964	-85.55774	
5966	-85.5578	
5968	-85.55785	
5970	-85.5579	
5972	-85.55796	
5974	-85.55801	
5976	-85.55806	
5978	-85.55811	
5980	-85.55816	
5982	-85.55821	
5984	-85.55826	
5986	-85.5583	
5988	-85.55835	
5990	-85.5584	
5992	-85.55844	
5994	-85.55849	
5996	-85.55853	
5998	-85.55857	
6000	-80.91598	
6002	36.77718	
6004	56.59109	
6006	51.43092	
6008	47.61225	
6010	44.85779	
6012	42.67157	
6014	40.51843	
6016	37.51962	
6018	34.62408	
6020	32.65186	
6022	31.05347	
6024	29.86626	
6026	28.87228	
6028	27.99268	
6030	27.17968	
6032	26.4046	
6034	25.65015	
6036	24.90579	
6038	24.16496	
6040	23.42348	
6042	22.67861	
6044	21.92854	
6046	21.17197	
6048	20.40802	
6050	19.636	
6052	18.85539	
6054	18.06575	
6056	17.2667	
6058	16.45789	
6060	15.63896	
6062	14.80953	
6064	13.9692	
6066	13.11752	
6068	12.25395	
6070	11.37791	
6072	10.48872	
6074	9.585576	
6076	8.667584	
6078	7.733707	
6080	6.78277	
6082	5.813445	
6084	4.824241	
6086	3.813505	
6088	2.779418	
6090	1.720004	
6092	0.6331509	
6094	-0.4833621	
6096	-1.631815	
6098	-2.814484	
6100	-4.033561	
6102	-5.291054	
6104	-6.588684	
6106	-7.927774	
6108	-9.309166	
6110	-10.73318	
6112	-12.19965	
6114	-13.70809	
6116	-15.25796	
6118	-16.84926	
6120	-18.48325	
6122	-20.16353	
6124	-21.8973	
6126	-23.69669	
6128	-25.57964	
6130	-27.56967	
6132	-29.69388	
6134	-31.97938	
6136	-34.44973	
6138	-37.1226	
6140	-40.00784	
6142	-43.10338	
6144	-46.39102	
6146	-49.84026	
6148	-53.42024	
6150	-57.10379	
6152	-60.85523	
6154	-64.60824	
6156	-68.24725	
6158	-71.6111	
6160	-74.53453	
6162	-76.91098	
6164	-78.72875	
6166	-80.05589	
6168	-80.99702	
6170	-81.6566	
6172	-82.12069	
6174	-82.4531	
6176	-82.69825	
6178	-82.88593	
6180	-83.03566	
6182	-83.16005	
6184	-83.26721	
6186	-83.36232	
6188	-83.44868	
6190	-83.52844	
6192	-83.60298	
6194	-83.67322	
6196	-83.73977	
6198	-83.80306	
6200	-83.86339	
6202	-83.921	
6204	-83.97607	
6206	-84.02875	
6208	-84.07916	
6210	-84.12743	
6212	-84.17366	
6214	-84.21795	
6216	-84.26039	
6218	-84.30106	
6220	-84.34006	
6222	-84.37745	
6224	-84.41331	
6226	-84.44772	
6228	-84.48075	
6230	-84.51245	
6232	-84.5429	
6234	-84.57215	
6236	-84.60026	
6238	-84.62728	
6240	-84.65327	
6242	-84.67827	
6244	-84.70232	
6246	-84.72548	
6248	-84.74779	
6250	-84.76928	
6252	-84.78999	
6254	-84.80996	
6256	-84.82922	
6258	-84.8478	
6260	-84.86573	
6262	-84.88305	
6264	-84.89978	
6266	-84.91594	
6268	-84.93156	
6270	-84.94666	
6272	-84.96127	
6274	-84.97541	
6276	-84.98909	
6278	-85.00233	
6280	-85.01516	
6282	-85.02759	
6284	-85.03963	
6286	-85.05131	
6288	-85.06263	
6290	-85.07361	
6292	-85.08426	
6294	-85.0946	
6296	-85.10464	
6298	-85.11438	
6300	-85.12385	
6302	-85.13305	
6304	-85.14198	
6306	-85.15067	
6308	-85.15912	
6310	-85.16734	
6312	-85.17533	
6314	-85.1831	
6316	-85.19067	
6318	-85.19804	
6320	-85.20521	
6322	-85.21219	
6324	-85.219	
6326	-85.22562	
6328	-85.23208	
6330	-85.23838	
6332	-85.24452	
6334	-85.2505	
6336	-85.25634	
6338	-85.26203	
6340	-85.26758	
6342	-85.273	
6344	-85.27829	
6346	-85.28345	
6348	-85.28849	
6350	-85.29341	
6352	-85.29822	
6354	-85.30292	
6356	-85.3075	
6358	-85.31199	
6360	-85.31637	
6362	-85.32065	
6364	-85.32483	
6366	-85.32892	
6368	-85.33292	
6370	-85.33684	
6372	-85.34066	
6374	-85.34441	
6376	-85.34807	
6378	-85.35166	
6380	-85.35517	
6382	-85.3586	
6384	-85.36196	
6386	-85.36525	
6388	-85.36848	
6390	-85.37163	
6392	-85.37472	
6394	-85.37775	
6396	-85.38072	
6398	-85.38362	
6400	-85.38647	
6402	-85.38926	
6404	-85.392	
6406	-85.39468	
6408	-85.39731	
6410	-85.39989	
6412	-85.40242	
6414	-85.4049	
6416	-85.40733	
6418	-85.40971	
6420	-85.41205	
6422	-85.41435	
6424	-85.4166	
6426	-85.41881	
6428	-85.42098	
6430	-85.4231	
6432	-85.42519	
6434	-85.42724	
6436	-85.42926	
6438	-85.43123	
6440	-85.43318	
6442	-85.43508	
6444	-85.43695	
6446	-85.43879	
6448	-85.4406	
6450	-85.44237	
6452	-85.44412	
6454	-85.44583	
6456	-85.44751	
6458	-85.44917	
6460	-85.45079	
6462	-85.45239	
6464	-85.45396	
6466	-85.4555	
6468	-85.45702	
6470	-85.45851	
6472	-85.45998	
6474	-85.46142	
6476	-85.46284	
6478	-85.46423	
6480	-85.46561	
6482	-85.46696	
6484	-85.46828	
6486	-85.46959	
6488	-85.47087	
6490	-85.47214	
6492	-85.47338	
6494	-85.4746	
6496	-85.47581	
6498	-85.47699	
6500	-85.47816	
6502	-85.47931	
6504	-85.48044	
6506	-85.48155	
6508	-85.48265	
6510	-85.48372	
6512	-85.48479	
6514	-85.48583	
6516	-85.48686	
6518	-85.48787	
6520	-85.48887	
6522	-85.48985	
6524	-85.49082	
6526	-85.49178	
6528	-85.49272	
6530	-85.49364	
6532	-85.49455	
6534	-85.49545	
6536	-85.49634	
6538	-85.49721	
6540	-85.49807	
6542	-85.49891	
6544	-85.49975	
6546	-85.50057	
6548	-85.50138	
6550	-85.50218	
6552	-85.50296	
6554	-85.50374	
6556	-85.5045	
6558	-85.50526	
6560	-85.506	
6562	-85.50673	
6564	-85.50746	
6566	-85.50817	
6568	-85.50887	
6570	-85.50956	
6572	-85.51024	
6574	-85.51092	
6576	-85.51158	
6578	-85.51224	
6580	-85.51288	
6582	-85.51352	
6584	-85.51415	
6586	-85.51477	
6588	-85.51538	
6590	-85.51598	
6592	-85.51657	
6594	-85.51716	
6596	-85.51774	
6598	-85.51831	
6600	-85.51887	
6602	-85.51943	
6604	-85.51998	
6606	-85.52052	
6608	-85.52105	
6610	-85.52158	
6612	-85.5221	
6614	-85.52261	
6616	-85.52312	
6618	-85.52362	
6620	-85.52411	
6622	-85.5246	
6624	-85.52508	
6626	-85.52555	
6628	-85.52602	
6630	-85.52648	
6632	-85.52694	
6634	-85.52739	
6636	-85.52783	
6638	-85.52827	
6640	-85.5287	
6642	-85.52913	
6644	-85.52955	
6646	-85.52997	
6648	-85.53038	
6650	-85.53079	
6652	-85.53119	
6654	-85.53158	
6656	-85.53198	
6658	-85.53236	
6660	-85.53274	
6662	-85.53312	
6664	-85.53349	
6666	-85.53386	
6668	-85.53422	
6670	-85.53458	
6672	-85.53493	
6674	-85.53528	
6676	-85.53563	
6678	-85.53597	
6680	-85.5363	
6682	-85.53664	
6684	-85.53697	
6686	-85.53729	
6688	-85.53761	
6690	-85.53793	
6692	-85.53824	
6694	-85.53855	
6696	-85.53885	
6698	-85.53915	
6700	-85.53945	
6702	-85.53974	
6704	-85.54003	
6706	-85.54032	
6708	-85.5406	
6710	-85.54088	
6712	-85.54116	
6714	-85.54143	
6716	-85.5417	
6718	-85.54197	
6720	-85.54223	
6722	-85.54249	
6724	-85.54275	
6726	-85.543	
6728	-85.54326	
6730	-85.5435	
6732	-85.54375	
6734	-85.54399	
6736	-85.54423	
6738	-85.54447	
6740	-85.5447	
6742	-85.54493	
6744	-85.54516	
6746	-85.54538	
6748	-85.5456	
6750	-85.54582	
6752	-85.54604	
6754	-85.54626	
6756	-85.54647	
6758	-85.54668	
6760	-85.54688	
6762	-85.54709	
6764	-85.54729	
6766	-85.54749	
6768	-85.54769	
6770	-85.54788	
6772	-85.54807	
6774	-85.54826	
6776	-85.54845	
6778	-85.54864	
6780	-85.54882	
6782	-85.549	
6784	-85.54918	
6786	-85.54936	
6788	-85.54953	
6790	-85.54971	
6792	-85.54988	
6794	-85.55005	
6796	-85.55021	
6798	-85.55038	
6800	-85.55054	
6802	-85.5507	
6804	-85.55086	
6806	-85.55102	
6808	-85.55117	
6810	-85.55132	
6812	-85.55148	
6814	-85.55162	
6816	-85.55177	
6818	-85.55192	
6820	-85.55206	
6822	-85.55221	
6824	-85.55235	
6826	-85.55248	
6828	-85.55262	
6830	-85.55276	
6832	-85.55289	
6834	-85.55302	
6836	-85.55315	
6838	-85.55328	
6840	-85.55341	
6842	-85.55354	
6844	-85.55366	
6846	-85.55378	
6848	-85.55391	
6850	-85.55403	
6852	-85.55414	
6854	-85.55426	
6856	-85.55438	
6858	-85.55449	
6860	-85.5546	
6862	-85.55471	
6864	-85.55482	
6866	-85.55493	
6868	-85.55504	
6870	-85.55515	
6872	-85.55525	
6874	-85.55535	
6876	-85.55546	
6878	-85.55556	
6880	-85.55566	
6882	-85.55575	
6884	-85.55585	
6886	-85.55595	
6888	-85.55604	
6890	-85.55613	
6892	-85.55623	
6894	-85.55632	
6896	-85.55641	
6898	-85.55649	
6900	-85.55658	
6902	-85.55667	
6904	-85.55675	
6906	-85.55684	
6908	-85.55692	
6910	-85.557	
6912	-85.55708	
6914	-85.55716	
6916	-85.55724	
6918	-85.55732	
6920	-85.55739	
6922	-85.55747	
6924	-85.55754	
6926	-85.55762	
6928	-85.55769	
6930	-85.55776	
6932	-85.55783	
6934	-85.5579	
6936	-85.55797	
6938	-85.55804	
6940	-85.5581	
6942	-85.55817	
6944	-85.55823	
6946	-85.5583	
6948	-85.55836	
6950	-85.55842	
6952	-85.55848	
6954	-85.55854	
6956	-85.5586	
6958	-85.55866	
6960	-85.55872	
6962	-85.55877	
6964	-85.55883	
6966	-85.55888	
6968	-85.55894	
6970	-85.55899	
6972	-85.55905	
6974	-85.5591	
6976	-85.55915	
6978	-85.5592	
6980	-85.55925	
6982	-85.5593	
6984	-85.55934	
6986	-85.55939	
6988	-85.55944	
6990	-85.55948	
6992	-85.55953	
6994	-85.55957	
6996	-85.55962	
6998	-85.55966	
7000	-80.95574	
7002	36.75237	
7004	56.64566	
7006	51.37596	
7008	47.56004	
7010	44.82733	
7012	42.65899	
7014	40.55021	
7016	37.70508	
7018	34.9011	
7020	32.66635	
7022	31.1465	
7024	29.94989	
7026	28.9489	
7028	28.06444	
7030	27.24832	
7032	26.47141	
7034	25.71609	
7036	24.97154	
7038	24.23103	
7040	23.49025	
7042	22.74638	
7044	21.99753	
7046	21.24238	
7048	20.48	
7050	19.70969	
7052	18.93091	
7054	18.14322	
7056	17.34624	
7058	16.53961	
7060	15.72297	
7062	14.89596	
7064	14.05817	
7066	13.20915	
7068	12.3484	
7070	11.47533	
7072	10.58928	
7074	9.689452	
7076	8.774978	
7078	7.844835	
7080	6.897866	
7082	5.932763	
7084	4.948057	
7086	3.942111	
7088	2.913123	
7090	1.859131	
7092	0.7780313	
7094	-0.3323971	
7096	-1.474445	
7098	-2.650413	
7100	-3.862536	
7102	-5.112884	
7104	-6.403257	
7106	-7.73508	
7108	-9.109313	
7110	-10.5264	
7112	-11.98627	
7114	-13.48852	
7116	-15.03264	
7118	-16.61855	
7120	-18.24729	
7122	-19.92211	
7124	-21.64964	
7126	-23.44129	
7128	-25.31425	
7130	-27.29144	
7132	-29.3998	
7134	-31.66682	
7136	-34.11683	
7138	-36.76851	
7140	-39.63296	
7142	-42.70998	
7144	-45.98336	
7146	-49.42342	
7148	-52.99867	
7150	-56.6817	
7152	-60.43863	
7154	-64.20728	
7156	-67.87714	
7158	-71.28944	
7160	-74.27497	
7162	-76.64457	
7164	-78.44588	
7166	-79.8631	
7168	-80.87135	
7170	-81.57788	
7172	-82.07329	
7174	-82.42603	
7176	-82.68421	
7178	-82.88012	
7180	-83.035	
7182	-83.16262	
7184	-83.27177	
7186	-83.36811	
7188	-83.45522	
7190	-83.53544	
7192	-83.61025	
7194	-83.68064	
7196	-83.74726	
7198	-83.81058	
7200	-83.87091	
7202	-83.92849	
7204	-83.98352	
7206	-84.03615	
7208	-84.0865	
7210	-84.13471	
7212	-84.18087	
7214	-84.22508	
7216	-84.26744	
7218	-84.30804	
7220	-84.34695	
7222	-84.38426	
7224	-84.42004	
7226	-84.45436	
7228	-84.4873	
7230	-84.51891	
7232	-84.54927	
7234	-84.57843	
7236	-84.60645	
7238	-84.63338	
7240	-84.65927	
7242	-84.68418	
7244	-84.70815	
7246	-84.73122	
7248	-84.75343	
7250	-84.77483	
7252	-84.79546	
7254	-84.81534	
7256	-84.83451	
7258	-84.85301	
7260	-84.87086	
7262	-84.88809	
7264	-84.90474	
7266	-84.92082	
7268	-84.93636	
7270	-84.95138	
7272	-84.96592	
7274	-84.97997	
7276	-84.99358	
7278	-85.00675	
7280	-85.01951	
7282	-85.03186	
7284	-85.04384	
7286	-85.05544	
7288	-85.0667	
7290	-85.07761	
7292	-85.0882	
7294	-85.09848	
7296	-85.10845	
7298	-85.11814	
7300	-85.12754	
7302	-85.13668	
7304	-85.14556	
7306	-85.15419	
7308	-85.16258	
7310	-85.17075	
7312	-85.17868	
7314	-85.18641	
7316	-85.19392	
7318	-85.20124	
7320	-85.20836	
7322	-85.2153	
7324	-85.22206	
7326	-85.22864	
7328	-85.23505	
7330	-85.2413	
7332	-85.2474	
7334	-85.25334	
7336	-85.25913	
7338	-85.26479	
7340	-85.2703	
7342	-85.27568	
7344	-85.28093	
7346	-85.28606	
7348	-85.29106	
7350	-85.29594	
7352	-85.30072	
7354	-85.30538	
7356	-85.30993	
7358	-85.31438	
7360	-85.31873	
7362	-85.32298	
7364	-85.32713	
7366	-85.33119	
7368	-85.33516	
7370	-85.33905	
7372	-85.34284	
7374	-85.34656	
7376	-85.3502	
7378	-85.35375	
7380	-85.35724	
7382	-85.36064	
7384	-85.36398	
7386	-85.36725	
7388	-85.37045	
7390	-85.37358	
7392	-85.37665	
7394	-85.37965	
7396	-85.38259	
7398	-85.38548	
7400	-85.38831	
7402	-85.39108	
7404	-85.39379	
7406	-85.39645	
7408	-85.39906	
7410	-85.40162	
7412	-85.40413	
7414	-85.40659	
7416	-85.409	
7418	-85.41137	
7420	-85.41369	
7422	-85.41597	
7424	-85.4182	
7426	-85.42039	
7428	-85.42254	
7430	-85.42466	
7432	-85.42673	
7434	-85.42877	
7436	-85.43076	
7438	-85.43272	
7440	-85.43465	
7442	-85.43654	
7444	-85.4384	
7446	-85.44023	
7448	-85.44202	
7450	-85.44378	
7452	-85.44551	
7454	-85.44721	
7456	-85.44888	
7458	-85.45052	
7460	-85.45213	
7462	-85.45372	
7464	-85.45528	
7466	-85.45681	
7468	-85.45831	
7470	-85.4598	
7472	-85.46125	
7474	-85.46268	
7476	-85.46409	
7478	-85.46548	
7480	-85.46684	
7482	-85.46818	
7484	-85.46949	
7486	-85.47079	
7488	-85.47207	
7490	-85.47332	
7492	-85.47455	
7494	-85.47577	
7496	-85.47696	
7498	-85.47814	
7500	-85.4793	
7502	-85.48044	
7504	-85.48156	
7506	-85.48266	
7508	-85.48375	
7510	-85.48482	
7512	-85.48588	
7514	-85.48691	
7516	-85.48793	
7518	-85.48894	
7520	-85.48993	
7522	-85.49091	
7524	-85.49187	
7526	-85.49282	
7528	-85.49375	
7530	-85.49467	
7532	-85.49557	
7534	-85.49646	
7536	-85.49734	
7538	-85.49821	
7540	-85.49906	
7542	-85.4999	
7544	-85.50073	
7546	-85.50154	
7548	-85.50235	
7550	-85.50314	
7552	-85.50392	
7554	-85.50469	
7556	-85.50545	
7558	-85.5062	
7560	-85.50694	
7562	-85.50767	
7564	-85.50838	
7566	-85.50909	
7568	-85.50979	
7570	-85.51047	
7572	-85.51115	
7574	-85.51182	
7576	-85.51248	
7578	-85.51313	
7580	-85.51377	
7582	-85.5144	
7584	-85.51503	
7586	-85.51564	
7588	-85.51625	
7590	-85.51685	
7592	-85.51744	
7594	-85.51802	
7596	-85.5186	
7598	-85.51916	
7600	-85.51972	
7602	-85.52028	
7604	-85.52082	
7606	-85.52136	
7608	-85.52189	
7610	-85.52241	
7612	-85.52293	
7614	-85.52344	
7616	-85.52394	
7618	-85.52444	
7620	-85.52493	
7622	-85.52541	
7624	-85.52589	
7626	-85.52636	
7628	-85.52682	
7630	-85.52728	
7632	-85.52774	
7634	-85.52818	
7636	-85.52862	
7638	-85.52906	
7640	-85.52949	
7642	-85.52992	
7644	-85.53034	
7646	-85.53075	
7648	-85.53116	
7650	-85.53156	
7652	-85.53196	
7654	-85.53235	
7656	-85.53274	
7658	-85.53313	
7660	-85.53351	
7662	-85.53388	
7664	-85.53425	
7666	-85.53461	
7668	-85.53497	
7670	-85.53533	
7672	-85.53568	
7674	-85.53603	
7676	-85.53637	
7678	-85.53671	
7680	-85.53705	
7682	-85.53738	
7684	-85.5377	
7686	-85.53802	
7688	-85.53834	
7690	-85.53866	
7692	-85.53897	
7694	-85.53928	
7696	-85.53958	
7698	-85.53988	
7700	-85.54017	
7702	-85.54047	
7704	-85.54075	
7706	-85.54104	
7708	-85.54132	
7710	-85.5416	
7712	-85.54187	
7714	-85.54215	
7716	-85.54241	
7718	-85.54268	
7720	-85.54294	
7722	-85.5432	
7724	-85.54346	
7726	-85.54371	
7728	-85.54396	
7730	-85.5442	
7732	-85.54445	
7734	-85.54469	
7736	-85.54493	
7738	-85.54516	
7740	-85.54539	
7742	-85.54562	
7744	-85.54585	
7746	-85.54607	
7748	-85.54629	
7750	-85.54651	
7752	-85.54673	
7754	-85.54694	
7756	-85.54715	
7758	-85.54736	
7760	-85.54757	
7762	-85.54777	
7764	-85.54797	
7766	-85.54817	
7768	-85.54837	
7770	-85.54856	
7772	-85.54875	
7774	-85.54894	
7776	-85.54913	
7778	-85.54931	
7780	-85.5495	
7782	-85.54968	
7784	-85.54986	
7786	-85.55003	
7788	-85.55021	
7790	-85.55038	
7792	-85.55055	
7794	-85.55072	
7796	-85.55088	
7798	-85.55105	
7800	-85.55121	
7802	-85.55137	
7804	-85.55153	
7806	-85.55168	
7808	-85.55184	
7810	-85.55199	
7812	-85.55214	
7814	-85.55229	
7816	-85.55244	
7818	-85.55258	
7820	-85.55272	
7822	-85.55287	
7824	-85.55301	
7826	-85.55315	
7828	-85.55328	
7830	-85.55342	
7832	-85.55355	
7834	-85.55368	
7836	-85.55381	
7838	-85.55394	
7840	-85.55407	
7842	-85.55419	
7844	-85.55432	
7846	-85.55444	
7848	-85.55456	
7850	-85.55468	
7852	-85.5548	
7854	-85.55492	
7856	-85.55503	
7858	-85.55515	
7860	-85.55526	
7862	-85.55537	
7864	-85.55548	
7866	-85.55559	
7868	-85.55569	
7870	-85.5558	
7872	-85.5559	
7874	-85.55601	
7876	-85.55611	
7878	-85.55621	
7880	-85.55631	
7882	-85.55641	
7884	-85.5565	
7886	-85.5566	
7888	-85.55669	
7890	-85.55678	
7892	-85.55688	
7894	-85.55697	
7896	-85.55706	
7898	-85.55714	
7900	-85.55723	
7902	-85.55732	
7904	-85.5574	
7906	-85.55749	
7908	-85.55757	
7910	-85.55765	
7912	-85.55773	
7914	-85.55781	
7916	-85.55789	
7918	-85.55797	
7920	-85.55804	
7922	-85.55812	
7924	-85.55819	
7926	-85.55827	
7928	-85.55834	
7930	-85.55841	
7932	-85.55848	
7934	-85.55855	
7936	-85.55862	
7938	-85.55868	
7940	-85.55875	
7942	-85.55882	
7944	-85.55888	
7946	-85.55895	
7948	-85.55901	
7950	-85.55907	
7952	-85.55913	
7954	-85.55919	
7956	-85.55925	
7958	-85.55931	
7960	-85.55937	
7962	-85.55942	
7964	-85.55948	
7966	-85.55954	
7968	-85.55959	
7970	-85.55964	
7972	-85.5597	
7974	-85.55975	
7976	-85.5598	
7978	-85.55985	
7980	-85.5599	
7982	-85.55995	
7984	-85.56	
7986	-85.56004	
7988	-85.56009	
7990	-85.56014	
7992	-85.56018	
7994	-85.56023	
7996	-85.56027	
7998	-85.56031	
8000	-81.08663	
8002	37.15745	
8004	56.66912	
8006	51.22147	
8008	47.45811	
8010	44.76106	
8012	42.61536	
8014	40.54138	
8016	37.82296	
8018	34.88078	
8020	32.802	
8022	31.3471	
8024	30.12146	
8026	29.04328	
8028	28.1523	
8030	27.33219	
8032	26.55303	
8034	25.79664	
8036	25.05184	
8038	24.31166	
8040	23.57162	
8042	22.82879	
8044	22.08123	
8046	21.32755	
8048	20.5668	
8050	19.79825	
8052	19.02135	
8054	18.23566	
8056	17.44077	
8058	16.63635	
8060	15.82202	
8062	14.99744	
8064	14.16219	
8066	13.31585	
8068	12.45792	
8070	11.58782	
8072	10.7049	
8074	9.808406	
8076	8.897461	
8078	7.971073	
8080	7.028106	
8082	6.067277	
8084	5.087138	
8086	4.086079	
8088	3.062321	
8090	2.013922	
8092	0.9387938	
8094	-0.1652759	
8096	-1.300579	
8098	-2.469432	
8100	-3.6741	
8102	-4.916705	
8104	-6.19912	
8106	-7.522865	
8108	-8.889006	
8110	-10.2981	
8112	-11.75021	
8114	-13.24498	
8116	-14.78195	
8118	-16.36094	
8120	-17.98279	
8122	-19.65034	
8124	-21.36961	
8126	-23.15121	
8128	-25.0114	
8130	-26.97235	
8132	-29.06063	
8134	-31.30402	
8136	-33.72767	
8138	-36.35133	
8140	-39.18753	
8142	-42.23814	
8144	-45.48946	
8146	-48.91313	
8148	-52.47712	
8150	-56.15362	
8152	-59.9107	
8154	-63.69135	
8156	-67.40399	
8158	-70.77146	
8160	-73.84345	
8162	-76.38316	
8164	-78.36772	
8166	-79.8675	
8168	-80.84904	
8170	-81.54586	
8172	-82.0537	
8174	-82.41759	
8176	-82.68283	
8178	-82.88314	
8180	-83.04074	
8182	-83.16999	
8184	-83.28009	
8186	-83.37694	
8188	-83.46432	
8190	-83.54462	
8192	-83.61942	
8194	-83.68973	
8196	-83.75624	
8198	-83.81941	
8200	-83.87959	
8202	-83.93702	
8204	-83.99188	
8206	-84.04435	
8208	-84.09454	
8210	-84.14258	
8212	-84.18858	
8214	-84.23264	
8216	-84.27484	
8218	-84.31528	
8220	-84.35404	
8222	-84.3912	
8224	-84.42683	
8226	-84.46101	
8228	-84.49381	
8230	-84.52529	
8232	-84.55551	
8234	-84.58454	
8236	-84.61243	
8238	-84.63923	
8240	-84.665	
8242	-84.68979	
8244	-84.71364	
8246	-84.7366	
8248	-84.7587	
8250	-84.77999	
8252	-84.80051	
8254	-84.82028	
8256	-84.83935	
8258	-84.85775	
8260	-84.87551	
8262	-84.89264	
8264	-84.9092	
8266	-84.92519	
8268	-84.94064	
8270	-84.95558	
8272	-84.97003	
8274	-84.98401	
8276	-84.99753	
8278	-85.01063	
8280	-85.02331	
8282	-85.03559	
8284	-85.04749	
8286	-85.05902	
8288	-85.07021	
8290	-85.08106	
8292	-85.09158	
8294	-85.10179	
8296	-85.1117	
8298	-85.12133	
8300	-85.13068	
8302	-85.13976	
8304	-85.14858	
8306	-85.15716	
8308	-85.16549	
8310	-85.1736	
8312	-85.18149	
8314	-85.18916	
8316	-85.19663	
8318	-85.2039	
8320	-85.21097	
8322	-85.21787	
8324	-85.22458	
8326	-85.23112	
8328	-85.23749	
8330	-85.2437	
8332	-85.24975	
8334	-85.25565	
8336	-85.26141	
8338	-85.26702	
8340	-85.2725	
8342	-85.27784	
8344	-85.28306	
8346	-85.28815	
8348	-85.29312	
8350	-85.29797	
8352	-85.30271	
8354	-85.30734	
8356	-85.31186	
8358	-85.31628	
8360	-85.3206	
8362	-85.32482	
8364	-85.32894	
8366	-85.33298	
8368	-85.33692	
8370	-85.34078	
8372	-85.34455	
8374	-85.34824	
8376	-85.35185	
8378	-85.35539	
8380	-85.35885	
8382	-85.36223	
8384	-85.36554	
8386	-85.36879	
8388	-85.37196	
8390	-85.37508	
8392	-85.37812	
8394	-85.38111	
8396	-85.38403	
8398	-85.3869	
8400	-85.3897	
8402	-85.39245	
8404	-85.39515	
8406	-85.39779	
8408	-85.40038	
8410	-85.40293	
8412	-85.40542	
8414	-85.40786	
8416	-85.41026	
8418	-85.41261	
8420	-85.41491	
8422	-85.41717	
8424	-85.41939	
8426	-85.42157	
8428	-85.42371	
8430	-85.42581	
8432	-85.42787	
8434	-85.42989	
8436	-85.43187	
8438	-85.43382	
8440	-85.43573	
8442	-85.43761	
8444	-85.43946	
8446	-85.44127	
8448	-85.44305	
8450	-85.4448	
8452	-85.44652	
8454	-85.44821	
8456	-85.44987	
8458	-85.4515	
8460	-85.4531	
8462	-85.45468	
8464	-85.45622	
8466	-85.45775	
8468	-85.45924	
8470	-85.46071	
8472	-85.46216	
8474	-85.46358	
8476	-85.46498	
8478	-85.46635	
8480	-85.46771	
8482	-85.46904	
8484	-85.47035	
8486	-85.47164	
8488	-85.4729	
8490	-85.47415	
8492	-85.47538	
8494	-85.47658	
8496	-85.47777	
8498	-85.47894	
8500	-85.48009	
8502	-85.48122	
8504	-85.48234	
8506	-85.48343	
8508	-85.48451	
8510	-85.48558	
8512	-85.48662	
8514	-85.48766	
8516	-85.48867	
8518	-85.48967	
8520	-85.49066	
8522	-85.49162	
8524	-85.49258	
8526	-85.49352	
8528	-85.49445	
8530	-85.49536	
8532	-85.49626	
8534	-85.49715	
8536	-85.49802	
8538	-85.49888	
8540	-85.49973	
8542	-85.50056	
8544	-85.50139	
8546	-85.5022	
8548	-85.503	
8550	-85.50378	
8552	-85.50456	
8554	-85.50533	
8556	-85.50608	
8558	-85.50682	
8560	-85.50756	
8562	-85.50828	
8564	-85.50899	
8566	-85.5097	
8568	-85.51039	
8570	-85.51107	
8572	-85.51175	
8574	-85.51241	
8576	-85.51307	
8578	-85.51371	
8580	-85.51435	
8582	-85.51498	
8584	-85.5156	
8586	-85.51621	
8588	-85.51682	
8590	-85.51741	
8592	-85.518	
8594	-85.51858	
8596	-85.51915	
8598	-85.51971	
8600	-85.52027	
8602	-85.52082	
8604	-85.52136	
8606	-85.52189	
8608	-85.52242	
8610	-85.52294	
8612	-85.52345	
8614	-85.52396	
8616	-85.52446	
8618	-85.52496	
8620	-85.52544	
8622	-85.52592	
8624	-85.5264	
8626	-85.52687	
8628	-85.52733	
8630	-85.52779	
8632	-85.52824	
8634	-85.52868	
8636	-85.52912	
8638	-85.52955	
8640	-85.52998	
8642	-85.5304	
8644	-85.53082	
8646	-85.53123	
8648	-85.53164	
8650	-85.53204	
8652	-85.53244	
8654	-85.53283	
8656	-85.53322	
8658	-85.5336	
8660	-85.53398	
8662	-85.53435	
8664	-85.53472	
8666	-85.53508	
8668	-85.53544	
8670	-85.53579	
8672	-85.53614	
8674	-85.53649	
8676	-85.53683	
8678	-85.53717	
8680	-85.5375	
8682	-85.53783	
8684	-85.53815	
8686	-85.53847	
8688	-85.53879	
8690	-85.5391	
8692	-85.53941	
8694	-85.53972	
8696	-85.54002	
8698	-85.54032	
8700	-85.54061	
8702	-85.5409	
8704	-85.54119	
8706	-85.54147	
8708	-85.54175	
8710	-85.54203	
8712	-85.5423	
8714	-85.54257	
8716	-85.54284	
8718	-85.5431	
8720	-85.54337	
8722	-85.54362	
8724	-85.54388	
8726	-85.54413	
8728	-85.54438	
8730	-85.54462	
8732	-85.54487	
8734	-85.54511	
8736	-85.54534	
8738	-85.54558	
8740	-85.54581	
8742	-85.54604	
8744	-85.54626	
8746	-85.54648	
8748	-85.5467	
8750	-85.54692	
8752	-85.54714	
8754	-85.54735	
8756	-85.54756	
8758	-85.54777	
8760	-85.54797	
8762	-85.54818	
8764	-85.54838	
8766	-85.54857	
8768	-85.54877	
8770	-85.54896	
8772	-85.54915	
8774	-85.54934	
8776	-85.54953	
8778	-85.54971	
8780	-85.54989	
8782	-85.55007	
8784	-85.55025	
8786	-85.55043	
8788	-85.5506	
8790	-85.55077	
8792	-85.55094	
8794	-85.55111	
8796	-85.55127	
8798	-85.55144	
8800	-85.5516	
8802	-85.55176	
8804	-85.55192	
8806	-85.55207	
8808	-85.55223	
8810	-85.55238	
8812	-85.55253	
8814	-85.55268	
8816	-85.55282	
8818	-85.55297	
8820	-85.55311	
8822	-85.55325	
8824	-85.55339	
8826	-85.55353	
8828	-85.55367	
8830	-85.5538	
8832	-85.55393	
8834	-85.55407	
8836	-85.5542	
8838	-85.55432	
8840	-85.55445	
8842	-85.55458	
8844	-85.5547	
8846	-85.55482	
8848	-85.55494	
8850	-85.55506	
8852	-85.55518	
8854	-85.5553	
8856	-85.55541	
8858	-85.55552	
8860	-85.55564	
8862	-85.55575	
8864	-85.55586	
8866	-85.55596	
8868	-85.55607	
8870	-85.55618	
8872	-85.55628	
8874	-85.55638	
8876	-85.55648	
8878	-85.55658	
8880	-85.55668	
8882	-85.55678	
8884	-85.55688	
8886	-85.55697	
8888	-85.55707	
8890	-85.55716	
8892	-85.55725	
8894	-85.55734	
8896	-85.55743	
8898	-85.55752	
8900	-85.55761	
8902	-85.55769	
8904	-85.55778	
8906	-85.55786	
8908	-85.55794	
8910	-85.55802	
8912	-85.5581	
8914	-85.55818	
8916	-85.55826	
8918	-85.55834	
8920	-85.55842	
8922	-85.55849	
8924	-85.55857	
8926	-85.55864	
8928	-85.55871	
8930	-85.55878	
8932	-85.55885	
8934	-85.55892	
8936	-85.55899	
8938	-85.55906	
8940	-85.55912	
8942	-85.55919	
8944	-85.55925	
8946	-85.55932	
8948	-85.55938	
8950	-85.55944	
8952	-85.5595	
8954	-85.55956	
8956	-85.55962	
8958	-85.55968	
8960	-85.55974	
8962	-85.5598	
8964	-85.55985	
8966	-85.55991	
8968	-85.55996	
8970	-85.56002	
8972	-85.56007	
8974	-85.56012	
8976	-85.56017	
8978	-85.56022	
8980	-85.56027	
8982	-85.56032	
8984	-85.56037	
8986	-85.56042	
8988	-85.56046	
8990	-85.56051	
8992	-85.56056	
8994	-85.5606	
8996	-85.56064	
8998	-85.56069	
9000	-80.93714	
9002	37.94934	
9004	56.76974	
9006	51.31463	
9008	47.52755	
9010	44.8176	
9012	42.67178	
9014	40.67599	
9016	37.85293	
9018	35.05658	
9020	32.97203	
9022	31.41716	
9024	30.18206	
9026	29.15598	
9028	28.25565	
9030	27.42988	
9032	26.64748	
9034	25.88943	
9036	25.14402	
9038	24.40394	
9040	23.6645	
9042	22.92264	
9044	22.1763	
9046	21.42405	
9048	20.6649	
9050	19.89808	
9052	19.12304	
9054	18.33932	
9056	17.54651	
9058	16.74425	
9060	15.93221	
9062	15.11002	
9064	14.27728	
9066	13.43357	
9068	12.57841	
9070	11.71124	
9072	10.83141	
9074	9.938192	
9076	9.030731	
9078	8.108055	
9080	7.169054	
9082	6.212468	
9084	5.236879	
9086	4.240703	
9088	3.222189	
9090	2.179419	
9092	1.110327	
9094	0.01271382	
9096	-1.115706	
9098	-2.277257	
9100	-3.474228	
9102	-4.708785	
9104	-5.982866	
9106	-7.298077	
9108	-8.65559	
9110	-10.05608	
9112	-11.49971	
9114	-12.98621	
9116	-14.51515	
9118	-16.08628	
9120	-17.70025	
9122	-19.35946	
9124	-21.06933	
9126	-22.8396	
9128	-24.68555	
9130	-26.6284	
9132	-28.69423	
9134	-30.91098	
9136	-33.30454	
9138	-35.89582	
9140	-38.69876	
9142	-41.71744	
9144	-44.94097	
9146	-48.34282	
9148	-51.89066	
9150	-55.556	
9152	-59.30871	
9154	-63.09724	
9156	-66.82596	
9158	-70.41378	
9160	-73.67086	
9162	-76.25174	
9164	-78.26013	
9166	-79.74312	
9168	-80.80012	
9170	-81.54038	
9172	-82.05823	
9174	-82.42539	
9176	-82.69255	
9178	-82.89392	
9180	-83.05204	
9182	-83.18147	
9184	-83.29157	
9186	-83.38829	
9188	-83.47547	
9190	-83.55554	
9192	-83.63008	
9194	-83.70013	
9196	-83.76638	
9198	-83.82929	
9200	-83.88921	
9202	-83.94638	
9204	-84.00099	
9206	-84.05321	
9208	-84.10317	
9210	-84.15098	
9212	-84.19675	
9214	-84.24059	
9216	-84.28258	
9218	-84.32282	
9220	-84.36138	
9222	-84.39834	
9224	-84.43379	
9226	-84.46778	
9228	-84.5004	
9230	-84.53171	
9232	-84.56177	
9234	-84.59064	
9236	-84.61837	
9238	-84.64502	
9240	-84.67065	
9242	-84.69529	
9244	-84.719	
9246	-84.74183	
9248	-84.7638	
9250	-84.78497	
9252	-84.80536	
9254	-84.82502	
9256	-84.84398	
9258	-84.86226	
9260	-84.87991	
9262	-84.89694	
9264	-84.9134	
9266	-84.92929	
9268	-84.94465	
9270	-84.95949	
9272	-84.97385	
9274	-84.98774	
9276	-85.00118	
9278	-85.0142	
9280	-85.0268	
9282	-85.039	
9284	-85.05083	
9286	-85.06229	
9288	-85.0734	
9290	-85.08418	
9292	-85.09464	
9294	-85.10478	
9296	-85.11463	
9298	-85.1242	
9300	-85.13348	
9302	-85.1425	
9304	-85.15127	
9306	-85.15979	
9308	-85.16808	
9310	-85.17613	
9312	-85.18397	
9314	-85.19159	
9316	-85.19901	
9318	-85.20623	
9320	-85.21326	
9322	-85.22011	
9324	-85.22678	
9326	-85.23327	
9328	-85.2396	
9330	-85.24577	
9332	-85.25178	
9334	-85.25765	
9336	-85.26337	
9338	-85.26894	
9340	-85.27438	
9342	-85.27969	
9344	-85.28487	
9346	-85.28993	
9348	-85.29487	
9350	-85.29969	
9352	-85.3044	
9354	-85.309	
9356	-85.31349	
9358	-85.31788	
9360	-85.32217	
9362	-85.32636	
9364	-85.33046	
9366	-85.33447	
9368	-85.33839	
9370	-85.34222	
9372	-85.34597	
9374	-85.34963	
9376	-85.35322	
9378	-85.35673	
9380	-85.36017	
9382	-85.36353	
9384	-85.36682	
9386	-85.37005	
9388	-85.3732	
9390	-85.37629	
9392	-85.37932	
9394	-85.38229	
9396	-85.38519	
9398	-85.38804	
9400	-85.39083	
9402	-85.39356	
9404	-85.39624	
9406	-85.39887	
9408	-85.40144	
9410	-85.40397	
9412	-85.40644	
9414	-85.40887	
9416	-85.41125	
9418	-85.41359	
9420	-85.41588	
9422	-85.41812	
9424	-85.42033	
9426	-85.42249	
9428	-85.42462	
9430	-85.4267	
9432	-85.42875	
9434	-85.43076	
9436	-85.43273	
9438	-85.43467	
9440	-85.43657	
9442	-85.43844	
9444	-85.44027	
9446	-85.44207	
9448	-85.44384	
9450	-85.44558	
9452	-85.44729	
9454	-85.44897	
9456	-85.45062	
9458	-85.45224	
9460	-85.45383	
9462	-85.45539	
9464	-85.45693	
9466	-85.45845	
9468	-85.45993	
9470	-85.46139	
9472	-85.46283	
9474	-85.46425	
9476	-85.46564	
9478	-85.467	
9480	-85.46835	
9482	-85.46967	
9484	-85.47097	
9486	-85.47225	
9488	-85.47351	
9490	-85.47475	
9492	-85.47597	
9494	-85.47717	
9496	-85.47835	
9498	-85.47951	
9500	-85.48066	
9502	-85.48178	
9504	-85.48289	
9506	-85.48398	
9508	-85.48506	
9510	-85.48611	
9512	-85.48715	
9514	-85.48818	
9516	-85.48919	
9518	-85.49018	
9520	-85.49116	
9522	-85.49213	
9524	-85.49308	
9526	-85.49401	
9528	-85.49493	
9530	-85.49584	
9532	-85.49674	
9534	-85.49762	
9536	-85.49849	
9538	-85.49934	
9540	-85.50018	
9542	-85.50101	
9544	-85.50183	
9546	-85.50264	
9548	-85.50343	
9550	-85.50422	
9552	-85.50499	
9554	-85.50575	
9556	-85.5065	
9558	-85.50724	
9560	-85.50797	
9562	-85.50869	
9564	-85.5094	
9566	-85.5101	
9568	-85.51079	
9570	-85.51147	
9572	-85.51214	
9574	-85.5128	
9576	-85.51345	
9578	-85.51409	
9580	-85.51473	
9582	-85.51535	
9584	-85.51597	
9586	-85.51658	
9588	-85.51718	
9590	-85.51777	
9592	-85.51836	
9594	-85.51893	
9596	-85.5195	
9598	-85.52006	
9600	-85.52062	
9602	-85.52116	
9604	-85.5217	
9606	-85.52223	
9608	-85.52276	
9610	-85.52327	
9612	-85.52379	
9614	-85.52429	
9616	-85.52479	
9618	-85.52528	
9620	-85.52576	
9622	-85.52624	
9624	-85.52671	
9626	-85.52718	
9628	-85.52764	
9630	-85.5281	
9632	-85.52854	
9634	-85.52899	
9636	-85.52942	
9638	-85.52985	
9640	-85.53028	
9642	-85.5307	
9644	-85.53112	
9646	-85.53153	
9648	-85.53193	
9650	-85.53233	
9652	-85.53273	
9654	-85.53312	
9656	-85.5335	
9658	-85.53388	
9660	-85.53426	
9662	-85.53463	
9664	-85.53499	
9666	-85.53535	
9668	-85.53571	
9670	-85.53606	
9672	-85.53641	
9674	-85.53676	
9676	-85.53709	
9678	-85.53743	
9680	-85.53776	
9682	-85.53809	
9684	-85.53841	
9686	-85.53873	
9688	-85.53905	
9690	-85.53936	
9692	-85.53967	
9694	-85.53997	
9696	-85.54027	
9698	-85.54057	
9700	-85.54086	
9702	-85.54115	
9704	-85.54144	
9706	-85.54172	
9708	-85.542	
9710	-85.54227	
9712	-85.54255	
9714	-85.54282	
9716	-85.54308	
9718	-85.54334	
9720	-85.5436	
9722	-85.54386	
9724	-85.54411	
9726	-85.54436	
9728	-85.54461	
9730	-85.54486	
9732	-85.5451	
9734	-85.54534	
9736	-85.54557	
9738	-85.54581	
9740	-85.54604	
9742	-85.54626	
9744	-85.54649	
9746	-85.54671	
9748	-85.54693	
9750	-85.54715	
9752	-85.54736	
9754	-85.54757	
9756	-85.54778	
9758	-85.54799	
9760	-85.54819	
9762	-85.54839	
9764	-85.54859	
9766	-85.54879	
9768	-85.54899	
9770	-85.54918	
9772	-85.54937	
9774	-85.54956	
9776	-85.54974	
9778	-85.54993	
9780	-85.55011	
9782	-85.55029	
9784	-85.55046	
9786	-85.55064	
9788	-85.55081	
9790	-85.55098	
9792	-85.55115	
9794	-85.55132	
9796	-85.55148	
9798	-85.55164	
9800	-85.55181	
9802	-85.55196	
9804	-85.55212	
9806	-85.55228	
9808	-85.55243	
9810	-85.55258	
9812	-85.55273	
9814	-85.55288	
9816	-85.55303	
9818	-85.55317	
9820	-85.55331	
9822	-85.55345	
9824	-85.55359	
9826	-85.55373	
9828	-85.55387	
9830	-85.554	
9832	-85.55413	
9834	-85.55427	
9836	-85.55439	
9838	-85.55452	
9840	-85.55465	
9842	-85.55477	
9844	-85.5549	
9846	-85.55502	
9848	-85.55514	
9850	-85.55526	
9852	-85.55538	
9854	-85.55549	
9856	-85.55561	
9858	-85.55572	
9860	-85.55583	
9862	-85.55594	
9864	-85.55605	
9866	-85.55616	
9868	-85.55627	
9870	-85.55637	
9872	-85.55647	
9874	-85.55658	
9876	-85.55668	
9878	-85.55678	
9880	-85.55688	
9882	-85.55697	
9884	-85.55707	
9886	-85.55717	
9888	-85.55726	
9890	-85.55735	
9892	-85.55744	
9894	-85.55753	
9896	-85.55762	
9898	-85.55771	
9900	-85.5578	
9902	-85.55788	
9904	-85.55797	
9906	-85.55805	
9908	-85.55813	
9910	-85.55822	
9912	-85.5583	
9914	-85.55838	
9916	-85.55845	
9918	-85.55853	
9920	-85.55861	
9922	-85.55868	
9924	-85.55876	
9926	-85.55883	
9928	-85.5589	
9930	-85.55897	
9932	-85.55904	
9934	-85.55911	
9936	-85.55918	
9938	-85.55925	
9940	-85.55931	
9942	-85.55938	
9944	-85.55944	
9946	-85.55951	
9948	-85.55957	
9950	-85.55963	
9952	-85.55969	
9954	-85.55975	
9956	-85.55981	
9958	-85.55987	
9960	-85.55993	
9962	-85.55999	
9964	-85.56004	
9966	-85.5601	
9968	-85.56015	
9970	-85.56021	
9972	-85.56026	
9974	-85.56031	
9976	-85.56036	
9978	-85.56041	
9980	-85.56046	
9982	-85.56051	
9984	-85.56056	
9986	-85.56061	
9988	-85.56065	
9990	-85.5607	
9992	-85.56075	
9994	-85.56079	
9996	-85.56083	
9998	-85.56088	
