0	0	0	0	0	0	0	0	0	0	0	0	0	0	0	2.24e-314	0	0	
500	251	210	54.1	-83.5	311	-2.05	-66.6	0	0.000772	9.26e-05	-100	0.5	-289	0.547	0.195	249	244	
1e+03	248	211	54.6	-85.3	306	-2.31	8.24	-6.65	0.000326	9.48e-05	216	32.6	-284	0.373	0.291	246	240	
1.5e+03	234	198	54.6	-85.3	306	-2.27	7.94	-9.26	0.000354	9.41e-05	160	51.2	-285	0.334	0.279	232	227	
2e+03	238	202	54.6	-85.3	309	-2.28	10.1	-5.02	0.000332	9.4e-05	167	52.5	-288	0.342	0.284	236	230	
2.5e+03	235	199	54.6	-85.3	305	-2.27	9.43	-6.53	0.000334	9.4e-05	174	45.1	-284	0.342	0.284	233	227	
3e+03	235	198	54.5	-85.3	306	-2.27	9.48	-5.88	0.000335	9.41e-05	165	52.4	-284	0.341	0.284	233	227	
3.5e+03	234	198	54.5	-85.3	307	-2.27	9.61	-6.21	0.000336	9.42e-05	165	52.9	-285	0.341	0.283	232	226	
4e+03	233	197	54.5	-85.3	308	-2.28	9.82	-6.11	0.000337	9.43e-05	164	52.2	-287	0.341	0.283	231	225	
4.5e+03	232	197	54.4	-85.3	309	-2.28	9.75	-6	0.000339	9.44e-05	171	46.3	-287	0.341	0.283	230	225	
5e+03	232	196	54.3	-85.3	305	-2.26	9.91	-5.95	0.00034	9.45e-05	166	50.6	-284	0.34	0.283	230	224	
5.5e+03	231	195	54.4	-85.3	305	-2.29	9.93	-6.04	0.000342	9.46e-05	164	52.2	-284	0.34	0.282	229	223	
6e+03	230	195	54.4	-85.3	304	-2.28	9.96	-6.13	0.000343	9.46e-05	163	52.7	-283	0.34	0.282	228	222	
6.5e+03	229	194	54.3	-85.3	306	-2.27	10	-6.18	0.000344	9.47e-05	163	52	-284	0.34	0.282	227	222	
7e+03	229	194	54.2	-85.3	310	-2.27	10.2	-6.15	0.000345	9.48e-05	163	52	-288	0.34	0.282	227	221	
7.5e+03	228	193	54.1	-85.3	310	-2.25	10.1	-6	0.000346	9.48e-05	163	51.7	-289	0.34	0.281	226	221	
8e+03	228	192	54.2	-85.3	304	-2.28	10.2	-6.03	0.000347	9.49e-05	162	52.2	-282	0.339	0.281	226	220	
8.5e+03	227	192	54.1	-85.3	309	-2.27	10.2	-6.19	0.000348	9.49e-05	161	52.6	-288	0.339	0.281	225	219	
9e+03	226	191	54.2	-85.3	307	-2.28	10.2	-6.14	0.000349	9.5e-05	185	36.8	-286	0.347	0.281	224	219	
9.5e+03	226	191	54.1	-85.3	309	-2.28	10	-6.12	0.00035	9.5e-05	161	52.1	-288	0.339	0.281	224	218	
1e+04	225	190	54.1	-85.3	306	-2.29	10.3	-6.28	0.000351	9.5e-05	161	52.1	-285	0.339	0.281	223	218	
1.05e+04	225	189	54.1	-85.3	305	-2.29	10.2	-6.15	0.000351	9.51e-05	172	42.9	-284	0.341	0.281	223	217	
1.1e+04	224	189	54.1	-85.3	302	-2.31	10.3	-6.39	0.000352	9.51e-05	160	52.1	-280	0.339	0.28	222	216	
1.15e+04	224	188	54	-85.3	307	-2.29	10.4	-6.11	0.000353	9.51e-05	161	51.3	-286	0.338	0.28	221	216	
1.2e+04	223	189	54	-85.3	306	-2.29	10.2	-6.39	0.000353	9.52e-05	160	51.5	-284	0.339	0.28	221	216	
1.25e+04	223	188	54	-85.3	308	-2.3	10.5	-6.19	0.000354	9.52e-05	160	51.6	-287	0.339	0.28	221	215	
1.3e+04	222	187	54	-85.3	305	-2.29	10.5	-6.25	0.000355	9.52e-05	160	51.3	-284	0.339	0.28	220	215	
1.35e+04	222	187	54	-85.3	307	-2.29	10.3	-6.24	0.000356	9.52e-05	160	51.5	-285	0.338	0.28	220	214	
1.4e+04	221	186	53.8	-85.3	306	-2.28	10.5	-6.42	0.000356	9.53e-05	159	51.7	-285	0.338	0.28	219	214	
1.45e+04	221	186	53.9	-85.3	307	-2.29	10.4	-6.3	0.000357	9.53e-05	175	40	-286	0.342	0.28	219	213	
1.5e+04	220	185	53.8	-85.3	308	-2.28	10.4	-6.38	0.000358	9.53e-05	160	51.1	-286	0.338	0.279	218	213	
1.55e+04	220	185	53.9	-85.3	305	-2.32	10.6	-6.38	0.000358	9.53e-05	159	51.4	-284	0.338	0.279	218	212	
1.6e+04	220	185	53.8	-85.3	305	-2.28	10.6	-6.47	0.000359	9.53e-05	158	51.8	-284	0.338	0.279	217	212	
1.65e+04	219	184	53.8	-85.3	307	-2.3	10.5	-6.46	0.000359	9.54e-05	158	51.7	-285	0.338	0.279	217	211	
1.7e+04	218	184	53.8	-85.3	304	-2.29	10.5	-6.45	0.00036	9.54e-05	158	51.5	-283	0.338	0.279	216	211	
1.75e+04	218	183	53.7	-85.3	305	-2.29	10.7	-6.35	0.00036	9.54e-05	158	51.6	-284	0.338	0.279	216	210	
1.8e+04	218	183	53.7	-85.3	308	-2.3	10.7	-6.45	0.000361	9.54e-05	158	51.5	-287	0.338	0.279	216	210	
1.85e+04	217	183	53.6	-85.3	308	-2.3	10.6	-6.44	0.000362	9.54e-05	158	51.1	-286	0.337	0.279	215	210	
1.9e+04	217	182	53.6	-85.3	307	-2.31	10.7	-6.39	0.000362	9.55e-05	158	51.1	-286	0.338	0.279	215	209	
1.95e+04	217	182	53.6	-85.3	308	-2.28	10.5	-6.51	0.000363	9.55e-05	157	51.3	-286	0.338	0.278	214	209	
2e+04	216	182	53.6	-85.3	308	-2.29	10.6	-6.51	0.000363	9.55e-05	157	51.6	-287	0.338	0.278	214	208	
2.05e+04	216	182	53.6	-85.3	306	-2.29	10.7	-6.51	0.000364	9.55e-05	157	51.6	-285	0.337	0.278	214	208	
2.1e+04	215	180	53.5	-85.3	309	-2.29	10.6	-6.59	0.000364	9.55e-05	170	41.1	-288	0.34	0.278	213	208	
2.15e+04	215	180	53.6	-85.3	306	-2.29	10.6	-6.28	0.000365	9.56e-05	157	51	-284	0.337	0.278	213	207	
2.2e+04	215	180	53.7	-85.3	304	-2.31	10.7	-6.32	0.000365	9.56e-05	157	51.4	-282	0.337	0.278	212	207	
2.25e+04	214	180	53.5	-85.3	306	-2.3	10.9	-6.44	0.000366	9.56e-05	166	42.9	-285	0.339	0.278	212	207	
2.3e+04	214	180	53.5	-85.3	308	-2.32	11	-6.45	0.000366	9.56e-05	194	31.8	-287	0.353	0.278	212	206	
2.35e+04	214	179	53.5	-85.3	306	-2.31	10.8	-6.38	0.000367	9.56e-05	172	39.4	-285	0.341	0.278	211	206	
2.4e+04	213	179	53.5	-85.3	306	-2.31	10.9	-6.64	0.000368	9.56e-05	158	49.6	-285	0.337	0.278	211	205	
2.45e+04	213	178	53.4	-85.3	307	-2.3	10.8	-6.5	0.000368	9.57e-05	155	51.7	-286	0.337	0.278	211	205	
2.5e+04	213	178	53.4	-85.3	307	-2.3	10.8	-6.47	0.000369	9.57e-05	156	51.3	-286	0.337	0.277	210	205	
2.55e+04	212	178	53.4	-85.3	308	-2.31	10.8	-6.55	0.000369	9.57e-05	155	51.5	-287	0.337	0.277	210	205	
2.6e+04	212	178	53.3	-85.3	307	-2.29	10.8	-6.7	0.000369	9.57e-05	155	51.6	-286	0.337	0.277	210	204	
2.65e+04	212	177	53.3	-85.3	308	-2.3	11	-6.49	0.00037	9.57e-05	155	51.5	-287	0.337	0.277	210	204	
2.7e+04	211	177	53.3	-85.3	308	-2.3	10.8	-6.68	0.00037	9.57e-05	172	38.3	-287	0.341	0.277	209	204	
2.75e+04	211	176	53.3	-85.3	307	-2.32	10.8	-6.46	0.000371	9.58e-05	155	51	-285	0.336	0.277	209	203	
2.8e+04	211	177	53.3	-85.3	307	-2.29	11	-6.61	0.000372	9.58e-05	154	51.4	-286	0.337	0.277	209	203	
2.85e+04	210	176	53.3	-85.3	306	-2.3	11	-6.66	0.000372	9.58e-05	154	51.7	-285	0.337	0.277	208	203	
2.9e+04	210	176	53.2	-85.3	304	-2.31	10.8	-6.67	0.000373	9.58e-05	155	50.9	-283	0.336	0.277	208	202	
2.95e+04	210	175	53.3	-85.3	306	-2.31	10.9	-6.79	0.000373	9.58e-05	154	51.3	-284	0.336	0.277	208	202	
3e+04	209	176	53.2	-85.3	305	-2.3	11.1	-6.72	0.000373	9.59e-05	164	42.7	-284	0.338	0.277	207	202	
3.05e+04	209	175	53.2	-85.3	308	-2.31	11.1	-6.68	0.000374	9.59e-05	154	51.1	-287	0.337	0.277	207	201	
3.1e+04	209	175	53.2	-85.3	305	-2.3	11.1	-6.6	0.000374	9.59e-05	188	32	-283	0.35	0.276	207	201	
3.15e+04	209	175	53.1	-85.3	305	-2.3	11.1	-6.67	0.000375	9.59e-05	154	51.3	-284	0.336	0.276	207	201	
3.2e+04	208	174	53.2	-85.3	307	-2.3	11.2	-6.8	0.000375	9.59e-05	153	51.5	-286	0.336	0.276	206	201	
3.25e+04	208	174	53.1	-85.3	306	-2.31	11.2	-6.89	0.000376	9.59e-05	159	46	-285	0.336	0.276	206	200	
3.3e+04	208	174	53.1	-85.3	305	-2.3	11.2	-6.55	0.000376	9.6e-05	153	51.4	-284	0.336	0.276	206	200	
3.35e+04	208	173	53.1	-85.3	306	-2.31	11	-6.8	0.000377	9.6e-05	153	50.8	-285	0.336	0.276	205	200	
3.4e+04	207	173	53	-85.3	305	-2.31	11.1	-6.7	0.000377	9.6e-05	161	44.3	-284	0.337	0.276	205	200	
3.45e+04	207	173	53	-85.3	304	-2.32	11	-6.69	0.000378	9.6e-05	153	51.4	-283	0.336	0.276	205	199	
3.5e+04	207	173	53	-85.3	305	-2.31	11	-6.6	0.000378	9.6e-05	174	36.3	-284	0.342	0.276	205	199	
3.55e+04	207	173	53	-85.3	305	-2.31	11.1	-6.84	0.000379	9.6e-05	153	50.9	-284	0.336	0.276	204	199	
3.6e+04	206	172	53	-85.3	307	-2.31	11.3	-6.75	0.000379	9.61e-05	153	50.9	-285	0.336	0.276	204	199	
3.65e+04	206	172	53	-85.3	307	-2.32	11.2	-6.88	0.000379	9.61e-05	152	51.5	-286	0.336	0.276	204	198	
3.7e+04	206	172	53	-85.3	306	-2.31	11.2	-6.93	0.00038	9.61e-05	152	51.4	-285	0.336	0.276	204	198	
3.75e+04	206	172	52.9	-85.3	306	-2.31	11.2	-6.95	0.00038	9.61e-05	165	40.9	-285	0.338	0.275	203	198	
3.8e+04	205	171	52.9	-85.3	305	-2.31	11.1	-6.76	0.000381	9.61e-05	162	42.5	-284	0.337	0.275	203	198	
3.85e+04	205	171	52.9	-85.3	307	-2.3	11	-6.83	0.000381	9.61e-05	152	50.8	-286	0.336	0.275	203	197	
3.9e+04	205	171	52.9	-85.3	306	-2.31	11.1	-6.75	0.000382	9.62e-05	151	51.6	-285	0.335	0.275	203	197	
3.95e+04	205	171	52.9	-85.3	305	-2.3	11.1	-6.63	0.000382	9.62e-05	152	50.9	-284	0.336	0.275	202	197	
4e+04	205	170	52.9	-85.3	307	-2.31	11.3	-6.66	0.000382	9.62e-05	152	50.8	-286	0.336	0.275	202	197	
4.05e+04	204	171	52.9	-85.3	306	-2.32	11.4	-6.76	0.000383	9.62e-05	152	50.9	-285	0.336	0.275	202	196	
4.1e+04	204	170	52.8	-85.3	304	-2.31	11.4	-7	0.000383	9.62e-05	152	51.1	-283	0.335	0.275	202	196	
4.15e+04	204	170	52.9	-85.3	307	-2.31	11.1	-6.96	0.000384	9.62e-05	152	51	-286	0.335	0.275	202	196	
4.2e+04	204	170	52.8	-85.3	307	-2.3	11.2	-6.85	0.000384	9.63e-05	151	51.6	-286	0.336	0.275	201	196	
4.25e+04	203	170	52.8	-85.3	304	-2.31	11.3	-6.87	0.000385	9.63e-05	151	51.5	-283	0.335	0.275	201	196	
4.3e+04	203	169	52.8	-85.3	307	-2.31	11.2	-6.96	0.000385	9.63e-05	151	50.8	-286	0.335	0.275	201	195	
4.35e+04	203	170	52.7	-85.3	305	-2.32	11.3	-6.94	0.000385	9.63e-05	151	51.1	-284	0.335	0.275	201	195	
4.4e+04	203	169	52.8	-85.3	308	-2.32	11.4	-6.7	0.000386	9.63e-05	150	51.4	-286	0.335	0.275	201	195	
4.45e+04	203	169	52.7	-85.3	307	-2.3	11.4	-6.84	0.000386	9.63e-05	150	51.4	-285	0.335	0.275	200	195	
4.5e+04	202	169	52.7	-85.3	306	-2.32	11.4	-6.8	0.000386	9.64e-05	150	51.5	-285	0.335	0.275	200	195	
4.55e+04	202	168	52.7	-85.3	305	-2.31	11.3	-7.04	0.000387	9.64e-05	151	51	-284	0.335	0.274	200	194	
4.6e+04	202	168	52.7	-85.3	308	-2.31	11.4	-6.95	0.000387	9.64e-05	168	37.6	-287	0.339	0.274	200	194	
4.65e+04	202	168	52.7	-85.3	307	-2.31	11.3	-7.07	0.000388	9.64e-05	150	51.5	-286	0.335	0.274	200	194	
4.7e+04	202	169	52.7	-85.3	306	-2.32	11.2	-6.85	0.000388	9.64e-05	150	51.3	-285	0.335	0.274	200	194	
4.75e+04	201	168	52.7	-85.3	305	-2.31	11.4	-6.67	0.000388	9.64e-05	150	51.1	-284	0.335	0.274	199	194	
4.8e+04	201	168	52.7	-85.3	307	-2.31	11.3	-6.82	0.000389	9.65e-05	150	50.9	-286	0.335	0.274	199	193	
4.85e+04	201	168	52.7	-85.3	304	-2.32	11.3	-6.82	0.000389	9.65e-05	166	38.8	-283	0.338	0.274	199	193	
4.9e+04	201	168	52.6	-85.3	308	-2.32	11.3	-6.87	0.00039	9.65e-05	150	50.9	-287	0.335	0.274	199	193	
4.95e+04	201	168	52.7	-85.3	304	-2.33	11.4	-6.75	0.00039	9.65e-05	150	51.3	-283	0.335	0.274	199	193	
5e+04	201	167	52.6	-85.3	307	-2.34	11.5	-6.87	0.00039	9.65e-05	150	51.2	-286	0.334	0.274	198	193	
5.05e+04	200	167	52.6	-85.3	306	-2.31	11.3	-7.08	0.000391	9.65e-05	150	50.6	-285	0.335	0.274	198	193	
5.1e+04	200	166	52.6	-85.3	306	-2.32	11.3	-6.87	0.000391	9.65e-05	150	51	-285	0.335	0.274	198	193	
5.15e+04	200	167	52.6	-85.3	305	-2.32	11.3	-7.08	0.000391	9.66e-05	149	51.2	-284	0.334	0.274	198	192	
5.2e+04	200	167	52.6	-85.3	306	-2.32	11.6	-7.09	0.000392	9.66e-05	150	50.7	-285	0.334	0.274	198	192	
5.25e+04	200	166	52.5	-85.3	305	-2.31	11.4	-7.03	0.000392	9.66e-05	149	51.5	-284	0.335	0.274	198	192	
5.3e+04	200	167	52.5	-85.3	307	-2.32	11.4	-7.24	0.000392	9.66e-05	149	51.1	-286	0.334	0.274	197	192	
5.35e+04	199	166	52.5	-85.3	306	-2.31	11.6	-6.86	0.000393	9.66e-05	149	51.1	-285	0.334	0.273	197	191	
5.4e+04	199	166	52.5	-85.3	306	-2.32	11.3	-7.18	0.000393	9.66e-05	149	50.8	-285	0.334	0.273	197	192	
5.45e+04	199	166	52.5	-85.3	307	-2.32	11.4	-7.1	0.000394	9.67e-05	149	51.1	-286	0.334	0.273	197	191	
5.5e+04	199	166	52.5	-85.3	305	-2.32	11.4	-7.13	0.000394	9.67e-05	149	51.3	-284	0.334	0.273	197	191	
5.55e+04	199	166	52.5	-85.3	306	-2.33	11.4	-7.16	0.000394	9.67e-05	149	51.2	-285	0.334	0.273	197	191	
5.6e+04	199	165	52.5	-85.3	306	-2.33	11.4	-6.79	0.000395	9.67e-05	149	51.1	-285	0.334	0.273	196	191	
5.65e+04	198	166	52.5	-85.3	305	-2.33	11.4	-6.77	0.000395	9.67e-05	148	51.1	-284	0.334	0.273	196	191	
5.7e+04	198	165	52.4	-85.3	304	-2.32	11.4	-6.82	0.000395	9.67e-05	149	50.9	-282	0.334	0.273	196	191	
5.75e+04	198	165	52.5	-85.3	305	-2.34	11.5	-7.12	0.000396	9.67e-05	148	51.2	-284	0.334	0.273	196	190	
5.8e+04	198	164	52.4	-85.3	305	-2.32	11.4	-6.83	0.000396	9.68e-05	148	51.5	-284	0.334	0.273	196	190	
5.85e+04	198	164	52.3	-85.3	305	-2.31	11.5	-7.27	0.000396	9.68e-05	148	51	-284	0.334	0.273	196	190	
5.9e+04	198	164	52.4	-85.3	305	-2.34	11.5	-7.29	0.000397	9.68e-05	149	50.7	-284	0.334	0.273	196	190	
5.95e+04	198	165	52.5	-85.3	306	-2.33	11.6	-7.12	0.000397	9.68e-05	178	32.5	-285	0.344	0.273	196	190	
6e+04	198	164	52.4	-85.3	305	-2.33	11.6	-7.29	0.000397	9.68e-05	148	51.1	-284	0.334	0.273	195	190	
6.05e+04	197	164	52.4	-85.3	306	-2.32	11.3	-7.22	0.000398	9.68e-05	148	51.1	-285	0.333	0.273	195	190	
6.1e+04	197	164	52.4	-85.3	306	-2.33	11.3	-7.11	0.000398	9.68e-05	148	51.2	-285	0.334	0.273	195	189	
6.15e+04	197	164	52.3	-85.3	306	-2.33	11.7	-7.19	0.000398	9.69e-05	148	50.9	-285	0.334	0.273	195	189	
6.2e+04	197	164	52.3	-85.3	306	-2.32	11.6	-7.31	0.000399	9.69e-05	148	50.9	-285	0.333	0.273	195	189	
6.25e+04	197	163	52.3	-85.3	306	-2.32	11.7	-7.25	0.000399	9.69e-05	148	50.5	-285	0.334	0.273	195	189	
6.3e+04	196	164	52.3	-85.3	306	-2.32	11.5	-6.96	0.000399	9.69e-05	149	49.9	-284	0.333	0.273	194	189	
6.35e+04	197	163	52.3	-85.3	304	-2.32	11.7	-7.21	0.0004	9.69e-05	148	50.7	-283	0.334	0.272	194	189	
6.4e+04	196	163	52.3	-85.3	305	-2.32	11.6	-7.36	0.0004	9.69e-05	147	51.2	-284	0.334	0.272	194	189	
6.45e+04	196	163	52.2	-85.3	306	-2.31	11.6	-6.94	0.0004	9.69e-05	148	51	-285	0.334	0.272	194	189	
6.5e+04	196	163	52.2	-85.3	306	-2.32	11.6	-6.96	0.0004	9.69e-05	147	51	-285	0.334	0.272	194	188	
6.55e+04	196	163	52.3	-85.3	306	-2.32	11.6	-7.03	0.000401	9.7e-05	147	51.2	-285	0.334	0.272	194	188	
6.6e+04	196	163	52.3	-85.3	307	-2.34	11.5	-7.21	0.000401	9.7e-05	148	50.5	-285	0.333	0.272	194	188	
6.65e+04	196	163	52.2	-85.3	306	-2.31	11.7	-6.99	0.000401	9.7e-05	147	51.1	-284	0.334	0.272	194	188	
6.7e+04	196	163	52.2	-85.3	305	-2.32	11.6	-7.26	0.000402	9.7e-05	147	50.9	-283	0.333	0.272	194	188	
6.75e+04	196	163	52.2	-85.3	305	-2.33	11.4	-7.33	0.000402	9.7e-05	147	51.3	-283	0.333	0.272	194	188	
6.8e+04	196	163	52.2	-85.3	304	-2.32	11.6	-7.1	0.000402	9.7e-05	147	51.2	-283	0.334	0.272	193	188	
6.85e+04	195	162	52.2	-85.3	304	-2.33	11.4	-7.36	0.000402	9.7e-05	147	50.7	-283	0.333	0.272	193	188	
6.9e+04	195	162	52.2	-85.3	303	-2.33	11.6	-7.16	0.000403	9.7e-05	147	51	-281	0.333	0.272	193	188	
6.95e+04	195	162	52.1	-85.3	306	-2.32	11.4	-7.36	0.000403	9.71e-05	146	51.5	-285	0.333	0.272	193	187	
7e+04	195	162	52.2	-85.3	306	-2.36	11.6	-7.22	0.000403	9.71e-05	147	51	-284	0.333	0.272	193	187	
7.05e+04	195	162	52.2	-85.3	305	-2.33	11.6	-6.98	0.000404	9.71e-05	147	50.8	-284	0.333	0.272	193	187	
7.1e+04	195	162	52.2	-85.3	305	-2.33	11.5	-7.41	0.000404	9.71e-05	147	50.8	-284	0.333	0.272	193	187	
7.15e+04	195	162	52.2	-85.3	304	-2.34	11.5	-7.41	0.000404	9.71e-05	147	51	-283	0.333	0.272	193	187	
7.2e+04	195	162	52.2	-85.3	306	-2.33	11.5	-6.99	0.000404	9.71e-05	146	51.4	-285	0.333	0.272	192	187	
7.25e+04	195	162	52.1	-85.3	304	-2.32	11.5	-6.99	0.000405	9.71e-05	147	51	-283	0.333	0.272	192	187	
7.3e+04	194	162	52	-85.3	304	-2.31	11.4	-7.1	0.000405	9.71e-05	146	51.1	-283	0.333	0.272	192	187	
7.35e+04	194	162	52.1	-85.3	304	-2.31	11.5	-7	0.000405	9.72e-05	147	50.8	-283	0.333	0.272	192	187	
7.4e+04	194	161	52.1	-85.3	304	-2.33	11.8	-7.17	0.000405	9.72e-05	146	51.1	-283	0.333	0.272	192	187	
7.45e+04	194	161	52.1	-85.3	305	-2.33	11.5	-7.37	0.000406	9.72e-05	147	50.7	-284	0.333	0.272	192	187	
7.5e+04	194	161	52.1	-85.3	306	-2.33	11.6	-7.37	0.000406	9.72e-05	146	50.9	-285	0.333	0.271	192	186	
7.55e+04	194	162	52.1	-85.3	304	-2.31	11.5	-7.12	0.000406	9.72e-05	146	50.7	-283	0.332	0.271	192	186	
7.6e+04	194	161	52.1	-85.3	305	-2.33	11.6	-7.03	0.000407	9.72e-05	146	51.6	-284	0.333	0.271	192	186	
7.65e+04	194	161	52.1	-85.3	306	-2.33	11.8	-7.26	0.000407	9.72e-05	146	50.8	-284	0.333	0.271	192	186	
7.7e+04	194	161	52	-85.3	304	-2.33	11.8	-7.31	0.000407	9.72e-05	166	36.2	-282	0.337	0.271	192	186	
7.75e+04	193	161	52	-85.3	304	-2.33	11.6	-7.41	0.000407	9.73e-05	164	37.3	-283	0.337	0.271	191	186	
7.8e+04	194	161	52.1	-85.3	304	-2.33	11.7	-7.38	0.000408	9.73e-05	146	51	-283	0.333	0.271	191	186	
7.85e+04	193	161	52	-85.3	304	-2.32	11.6	-7.03	0.000408	9.73e-05	146	51.4	-282	0.333	0.271	191	186	
7.9e+04	193	160	52	-85.3	306	-2.32	11.6	-7.13	0.000408	9.73e-05	146	50.5	-285	0.333	0.271	191	186	
7.95e+04	193	160	52	-85.3	304	-2.34	11.7	-7.21	0.000408	9.73e-05	146	51.1	-282	0.333	0.271	191	185	
8e+04	193	160	52.1	-85.3	305	-2.33	11.5	-7.31	0.000409	9.73e-05	146	50.7	-284	0.333	0.271	191	185	
8.05e+04	193	160	52	-85.3	304	-2.35	11.7	-7.2	0.000409	9.73e-05	146	50.7	-283	0.333	0.271	191	185	
8.1e+04	193	161	51.9	-85.3	303	-2.32	11.7	-7.49	0.000409	9.73e-05	146	50.8	-282	0.332	0.271	191	185	
8.15e+04	193	160	52	-85.3	303	-2.34	11.5	-7.37	0.000409	9.73e-05	145	51.1	-282	0.333	0.271	191	185	
8.2e+04	193	160	52	-85.3	304	-2.33	11.8	-7.32	0.00041	9.74e-05	159	40.2	-283	0.334	0.271	191	185	
8.25e+04	193	160	52.1	-85.3	305	-2.35	11.8	-7.19	0.00041	9.74e-05	145	51.4	-283	0.332	0.271	190	185	
8.3e+04	193	160	52	-85.3	305	-2.33	11.6	-7.2	0.00041	9.74e-05	146	50.6	-284	0.332	0.271	190	185	
8.35e+04	193	160	52	-85.3	302	-2.34	11.6	-7.17	0.00041	9.74e-05	145	51.4	-281	0.332	0.271	190	185	
8.4e+04	193	160	52	-85.3	306	-2.34	11.8	-7.03	0.00041	9.74e-05	145	51.3	-284	0.333	0.271	190	185	
8.45e+04	192	160	51.9	-85.3	305	-2.33	11.7	-7.45	0.000411	9.74e-05	160	38.8	-284	0.335	0.271	190	185	
8.5e+04	192	160	51.9	-85.3	306	-2.33	11.6	-7.31	0.000411	9.74e-05	145	51.3	-285	0.332	0.271	190	185	
8.55e+04	192	160	51.9	-85.3	306	-2.33	11.6	-7.31	0.000411	9.74e-05	146	50.8	-285	0.332	0.271	190	184	
8.6e+04	192	160	51.9	-85.3	304	-2.32	11.5	-7.45	0.000411	9.74e-05	167	35.1	-283	0.338	0.271	190	184	
8.65e+04	192	159	51.9	-85.3	305	-2.33	11.8	-7.15	0.000412	9.74e-05	145	51.1	-284	0.332	0.271	190	184	
8.7e+04	192	159	51.9	-85.3	305	-2.34	11.7	-7.25	0.000412	9.75e-05	145	51.1	-284	0.332	0.271	190	184	
8.75e+04	192	159	52	-85.3	305	-2.35	11.8	-7.17	0.000412	9.75e-05	145	51.1	-283	0.333	0.271	190	184	
8.8e+04	192	160	51.9	-85.3	304	-2.33	11.5	-7.51	0.000412	9.75e-05	145	50.8	-283	0.332	0.271	190	184	
8.85e+04	192	159	51.9	-85.3	305	-2.34	11.8	-7.14	0.000413	9.75e-05	145	51.2	-284	0.332	0.27	190	184	
8.9e+04	192	159	51.8	-85.3	306	-2.32	11.8	-7.41	0.000413	9.75e-05	161	38.2	-284	0.335	0.27	189	184	
8.95e+04	192	159	51.8	-85.3	303	-2.32	11.7	-7.3	0.000413	9.75e-05	155	41.7	-282	0.333	0.27	189	184	
9e+04	192	159	51.9	-85.3	305	-2.33	11.8	-7.14	0.000413	9.75e-05	145	50.9	-283	0.332	0.27	189	184	
9.05e+04	191	159	51.9	-85.3	305	-2.34	11.8	-7.21	0.000414	9.75e-05	145	50.6	-284	0.332	0.27	189	184	
9.1e+04	191	159	51.9	-85.3	304	-2.34	11.7	-7.36	0.000414	9.75e-05	145	50.4	-283	0.332	0.27	189	183	
9.15e+04	191	158	51.9	-85.3	304	-2.34	11.5	-7.17	0.000414	9.75e-05	146	50	-283	0.332	0.27	189	183	
9.2e+04	191	158	51.9	-85.3	305	-2.33	11.5	-7.61	0.000414	9.76e-05	144	51.4	-284	0.332	0.27	189	183	
9.25e+04	191	158	51.9	-85.3	304	-2.33	11.5	-7.17	0.000414	9.76e-05	145	50.8	-283	0.332	0.27	189	183	
9.3e+04	191	159	51.9	-85.3	305	-2.34	11.6	-7.15	0.000414	9.76e-05	145	51.2	-284	0.332	0.27	189	183	
9.35e+04	191	159	51.8	-85.3	305	-2.33	11.7	-7.42	0.000415	9.76e-05	157	40.4	-284	0.334	0.27	189	183	
9.4e+04	191	158	51.8	-85.3	304	-2.34	11.5	-7.22	0.000415	9.76e-05	144	51.3	-283	0.332	0.27	189	183	
9.45e+04	191	158	51.8	-85.3	304	-2.33	11.6	-7.56	0.000415	9.76e-05	145	51	-283	0.332	0.27	189	183	
9.5e+04	191	158	51.9	-85.3	303	-2.35	11.5	-7.24	0.000415	9.76e-05	144	51.3	-282	0.332	0.27	188	183	
9.55e+04	191	158	51.8	-85.3	303	-2.34	11.6	-7.27	0.000416	9.76e-05	144	51.5	-282	0.332	0.27	189	183	
9.6e+04	191	158	51.8	-85.3	304	-2.34	11.8	-7.39	0.000416	9.76e-05	144	51.4	-283	0.332	0.27	188	183	
9.65e+04	191	158	51.8	-85.3	305	-2.34	11.8	-7.36	0.000416	9.76e-05	144	51.4	-284	0.332	0.27	188	183	
9.7e+04	191	159	51.8	-85.3	304	-2.34	11.7	-7.51	0.000416	9.76e-05	181	30.1	-282	0.344	0.27	188	183	
9.75e+04	190	158	51.8	-85.3	305	-2.34	11.8	-7.43	0.000416	9.77e-05	144	51.4	-284	0.332	0.27	188	183	
9.8e+04	190	158	51.8	-85.3	304	-2.35	11.8	-7.38	0.000416	9.77e-05	145	50.5	-283	0.332	0.27	188	183	
9.85e+04	190	158	51.8	-85.3	305	-2.35	11.8	-7.39	0.000417	9.77e-05	144	51.4	-284	0.332	0.27	188	182	
9.9e+04	190	158	51.7	-85.3	304	-2.33	11.5	-7.34	0.000417	9.77e-05	161	37.7	-283	0.335	0.27	188	182	
9.95e+04	190	157	51.8	-85.3	304	-2.34	11.7	-7.52	0.000417	9.77e-05	145	50.6	-283	0.332	0.27	188	182	
