0	0	0	0	0	0	0	0	0	0	0	0	0	0	9.74e-101	3.96e+252	0	0	
5e+03	251	210	54.1	-83.5	311	-2.05	-66.6	0	0.000772	7.68e-05	555	0.5	-289	0.547	0.195	249	244	
1e+04	265	226	55.1	-85.4	309	-2.13	9.61	-4.18	0.000532	7.33e-05	151	42.8	-287	0.272	0.22	263	258	
1.5e+04	286	246	55.3	-85.4	310	-2.14	8.69	-3.49	0.000434	7.21e-05	167	43.9	-288	0.289	0.236	283	278	
2e+04	307	267	55.5	-85.3	311	-2.11	7.28	-3.52	0.000397	7.17e-05	177	44.6	-289	0.297	0.243	305	299	
2.5e+04	328	287	55.7	-85.3	307	-2.11	6.04	-3.59	0.000381	7.16e-05	180	45.4	-286	0.299	0.245	326	320	
3e+04	349	308	55.9	-85.3	306	-2.11	4.96	-3.63	0.000375	7.18e-05	182	45.4	-285	0.299	0.246	347	342	
3.5e+04	371	330	56.1	-85.3	306	-2.13	4.08	-3.6	0.000375	7.2e-05	182	44.9	-285	0.299	0.246	369	364	
4e+04	393	352	56.3	-85.3	301	-2.12	3.36	-3.6	0.000377	7.22e-05	181	45.3	-279	0.297	0.245	391	385	
4.5e+04	414	372	56.5	-85.3	301	-2.11	2.8	-3.53	0.000381	7.24e-05	179	45	-279	0.295	0.244	412	406	
5e+04	433	391	56.6	-85.3	304	-2.12	2.31	-3.38	0.000385	7.26e-05	177	44.5	-283	0.293	0.243	431	425	
5.5e+04	450	408	56.8	-85.2	299	-2.13	2.07	-3.19	0.000389	7.28e-05	174	44.6	-278	0.292	0.242	448	442	
6e+04	464	423	56.9	-85.2	299	-2.13	1.87	-3.05	0.000393	7.29e-05	172	44.3	-277	0.29	0.241	462	457	
6.5e+04	476	435	57.1	-85.2	297	-2.13	1.85	-2.86	0.000397	7.31e-05	172	44.2	-276	0.289	0.241	474	469	
7e+04	487	445	57.2	-85.2	296	-2.14	1.89	-2.67	0.000399	7.32e-05	170	43.9	-274	0.288	0.24	485	479	
7.5e+04	496	454	57.4	-85.2	292	-2.16	1.96	-2.48	0.000401	7.33e-05	169	44.1	-270	0.287	0.24	494	488	
8e+04	503	461	57.4	-85.2	291	-2.14	2.09	-2.33	0.000402	7.34e-05	168	43.9	-270	0.286	0.239	501	496	
8.5e+04	510	468	57.5	-85.1	293	-2.15	2.21	-2.21	0.000403	7.34e-05	168	44.2	-271	0.285	0.239	508	502	
9e+04	516	474	57.7	-85.1	279	-2.18	2.35	-2.07	0.000404	7.34e-05	167	44.2	-258	0.285	0.239	514	509	
9.5e+04	522	479	57.7	-85.1	281	-2.16	2.48	-1.94	0.000404	7.35e-05	167	44.4	-259	0.285	0.239	520	514	
1e+05	527	484	57.9	-85.1	294	-2.18	2.59	-1.82	0.000404	7.35e-05	166	44.1	-273	0.284	0.238	525	519	
1.05e+05	531	489	57.9	-85.1	280	-2.17	2.69	-1.76	0.000404	7.35e-05	167	43.9	-259	0.284	0.238	529	524	
1.1e+05	536	493	58	-85	283	-2.18	2.8	-1.72	0.000404	7.35e-05	166	44.3	-261	0.284	0.238	534	528	
1.15e+05	540	497	58.1	-85	293	-2.19	2.91	-1.63	0.000404	7.35e-05	166	43.7	-271	0.284	0.238	538	532	
1.2e+05	543	500	58.1	-85	287	-2.18	2.99	-1.59	0.000404	7.35e-05	165	44.2	-266	0.283	0.238	541	536	
1.25e+05	547	503	58.2	-85	285	-2.16	3.07	-1.5	0.000404	7.35e-05	165	44.1	-263	0.283	0.238	545	539	
1.3e+05	550	507	58.2	-85	295	-2.18	3.16	-1.49	0.000404	7.35e-05	165	44.3	-273	0.283	0.238	548	542	
1.35e+05	553	510	58.3	-84.9	287	-2.17	3.23	-1.46	0.000403	7.35e-05	165	43.8	-266	0.283	0.238	551	545	
1.4e+05	555	513	58.4	-84.9	304	-2.18	3.3	-1.39	0.000403	7.35e-05	166	43.8	-282	0.283	0.238	553	548	
1.45e+05	558	514	58.4	-84.9	302	-2.2	3.34	-1.39	0.000403	7.35e-05	181	34.5	-280	0.286	0.238	556	550	
1.5e+05	560	517	58.5	-84.9	297	-2.2	3.41	-1.35	0.000403	7.35e-05	165	44.4	-275	0.283	0.238	558	552	
1.55e+05	562	519	58.5	-84.9	302	-2.2	3.44	-1.33	0.000403	7.35e-05	164	44.5	-280	0.283	0.238	560	555	
1.6e+05	564	521	58.5	-84.9	314	-2.22	3.48	-1.29	0.000403	7.35e-05	166	43.5	-292	0.282	0.238	562	557	
1.65e+05	566	523	58.6	-84.8	315	-2.22	3.52	-1.29	0.000402	7.35e-05	165	43.6	-293	0.282	0.238	564	559	
1.7e+05	568	525	58.6	-84.8	315	-2.2	3.57	-1.24	0.000402	7.35e-05	165	43.7	-293	0.283	0.238	566	560	
1.75e+05	570	526	58.7	-84.8	310	-2.23	3.6	-1.26	0.000402	7.35e-05	165	43.7	-288	0.283	0.238	568	562	
1.8e+05	571	528	58.6	-84.8	307	-2.2	3.64	-1.24	0.000402	7.35e-05	164	44.4	-285	0.282	0.238	569	563	
1.85e+05	572	529	58.8	-84.8	314	-2.23	3.66	-1.22	0.000402	7.35e-05	164	44.6	-292	0.282	0.238	570	565	
1.9e+05	574	529	58.8	-84.7	320	-2.21	3.69	-1.19	0.000402	7.35e-05	164	44.5	-298	0.283	0.239	572	566	
1.95e+05	575	531	58.8	-84.7	316	-2.22	3.71	-1.17	0.000402	7.35e-05	164	44	-294	0.282	0.238	573	567	
2e+05	576	532	58.9	-84.7	323	-2.21	3.72	-1.16	0.000401	7.35e-05	164	43.9	-301	0.282	0.239	574	568	
2.05e+05	577	533	58.9	-84.7	317	-2.22	3.75	-1.18	0.000401	7.35e-05	164	44.3	-295	0.282	0.239	575	569	
2.1e+05	578	534	58.9	-84.7	316	-2.21	3.77	-1.18	0.000401	7.35e-05	165	43.6	-294	0.282	0.239	576	570	
2.15e+05	579	535	58.9	-84.6	315	-2.22	3.78	-1.14	0.000401	7.35e-05	165	43.8	-293	0.282	0.239	577	571	
2.2e+05	580	535	59	-84.6	327	-2.23	3.79	-1.12	0.000401	7.35e-05	164	44.1	-305	0.282	0.239	578	572	
2.25e+05	580	536	59	-84.6	328	-2.24	3.82	-1.12	0.000401	7.35e-05	164	44.1	-306	0.282	0.239	578	573	
2.3e+05	581	537	59	-84.6	328	-2.24	3.83	-1.11	0.000401	7.35e-05	164	44.5	-306	0.282	0.239	579	574	
2.35e+05	582	537	59.1	-84.6	323	-2.23	3.83	-1.11	0.000401	7.35e-05	164	44.1	-301	0.282	0.239	580	574	
2.4e+05	583	538	59.1	-84.5	325	-2.25	3.84	-1.11	0.0004	7.35e-05	164	43.8	-303	0.282	0.239	581	575	
2.45e+05	583	538	59.1	-84.5	326	-2.25	3.86	-1.11	0.0004	7.35e-05	164	44	-305	0.282	0.239	581	576	
2.5e+05	584	540	59.1	-84.5	323	-2.23	3.87	-1.1	0.0004	7.35e-05	236	26.9	-302	0.318	0.239	581	576	
2.55e+05	584	540	59.1	-84.5	325	-2.23	3.86	-1.08	0.0004	7.35e-05	164	44.3	-303	0.282	0.239	582	576	
2.6e+05	585	540	59.1	-84.5	330	-2.24	3.88	-1.08	0.0004	7.35e-05	164	44.1	-308	0.282	0.239	583	577	
2.65e+05	585	541	59.2	-84.4	330	-2.26	3.88	-1.09	0.0004	7.35e-05	164	44.2	-308	0.282	0.239	583	577	
2.7e+05	585	541	59.2	-84.4	332	-2.26	3.89	-1.07	0.0004	7.35e-05	163	44.6	-310	0.282	0.239	583	578	
2.75e+05	586	541	59.2	-84.4	328	-2.24	3.88	-1.08	0.0004	7.35e-05	164	44.5	-306	0.282	0.239	584	578	
2.8e+05	586	541	59.3	-84.4	331	-2.26	3.9	-1.1	0.0004	7.35e-05	164	44.4	-309	0.282	0.239	584	578	
2.85e+05	587	542	59.3	-84.4	330	-2.26	3.89	-1.06	0.000399	7.35e-05	164	44.2	-308	0.282	0.239	585	579	
2.9e+05	587	542	59.3	-84.3	331	-2.25	3.89	-1.07	0.000399	7.35e-05	164	44.1	-310	0.282	0.239	585	579	
2.95e+05	587	543	59.3	-84.3	331	-2.26	3.9	-1.09	0.000399	7.35e-05	164	44.1	-309	0.282	0.239	585	580	
3e+05	587	542	59.3	-84.3	332	-2.26	3.89	-1.06	0.000399	7.35e-05	164	44.5	-310	0.282	0.239	585	580	
3.05e+05	588	543	59.4	-84.3	331	-2.29	3.92	-1.05	0.000399	7.35e-05	164	44.2	-310	0.282	0.239	586	580	
3.1e+05	588	543	59.4	-84.3	332	-2.26	3.91	-1.07	0.000399	7.35e-05	164	44.3	-310	0.282	0.239	586	580	
3.15e+05	588	544	59.4	-84.2	333	-2.27	3.9	-1.08	0.000399	7.35e-05	163	44.5	-311	0.282	0.239	586	580	
3.2e+05	588	543	59.4	-84.2	333	-2.27	3.91	-1.06	0.000399	7.35e-05	165	44	-311	0.282	0.239	586	581	
3.25e+05	589	544	59.5	-84.2	333	-2.27	3.9	-1.07	0.000399	7.35e-05	163	44.7	-311	0.282	0.239	587	581	
3.3e+05	589	544	59.5	-84.2	333	-2.28	3.9	-1.07	0.000399	7.35e-05	164	44.5	-311	0.282	0.239	587	581	
3.35e+05	589	544	59.5	-84.2	333	-2.27	3.92	-1.04	0.000398	7.35e-05	164	44.7	-311	0.282	0.239	587	581	
3.4e+05	589	544	59.6	-84.1	333	-2.28	3.9	-1.07	0.000398	7.35e-05	164	44.7	-312	0.282	0.239	587	582	
3.45e+05	589	544	59.6	-84.1	333	-2.28	3.91	-1.05	0.000398	7.35e-05	164	44.6	-312	0.282	0.239	587	582	
3.5e+05	589	544	59.5	-84.1	333	-2.28	3.91	-1.04	0.000398	7.35e-05	164	44.4	-311	0.282	0.239	587	582	
3.55e+05	590	544	59.6	-84.1	333	-2.29	3.91	-1.04	0.000398	7.35e-05	164	44	-311	0.282	0.239	588	582	
3.6e+05	590	544	59.5	-84.1	333	-2.28	3.91	-1.03	0.000398	7.35e-05	164	44.2	-311	0.282	0.239	588	582	
3.65e+05	590	544	59.6	-84	332	-2.29	3.91	-1.07	0.000398	7.35e-05	164	44	-310	0.282	0.239	588	582	
3.7e+05	590	544	59.7	-84	332	-2.3	3.91	-1.02	0.000398	7.35e-05	165	44	-310	0.282	0.239	588	582	
3.75e+05	590	544	59.7	-84	332	-2.29	3.91	-1.06	0.000398	7.35e-05	165	43.9	-310	0.282	0.239	588	582	
3.8e+05	590	545	59.7	-84	331	-2.29	3.9	-1.03	0.000398	7.35e-05	164	44.3	-310	0.282	0.239	588	583	
3.85e+05	590	545	59.7	-84	330	-2.3	3.9	-1.02	0.000398	7.35e-05	163	44.7	-309	0.282	0.239	588	583	
3.9e+05	590	545	59.7	-83.9	331	-2.31	3.91	-1.04	0.000398	7.35e-05	164	44.2	-309	0.282	0.239	588	583	
3.95e+05	591	546	59.7	-83.9	330	-2.31	3.9	-1.05	0.000398	7.35e-05	165	44	-309	0.282	0.239	589	583	
4e+05	591	545	59.7	-83.9	331	-2.29	3.91	-1.03	0.000398	7.35e-05	164	43.9	-309	0.282	0.239	589	583	
4.05e+05	591	546	59.8	-83.9	328	-2.3	3.9	-1.04	0.000397	7.35e-05	164	44.7	-307	0.282	0.239	589	583	
4.1e+05	591	545	59.8	-83.9	330	-2.31	3.89	-1.05	0.000397	7.35e-05	163	44.8	-308	0.282	0.239	589	583	
4.15e+05	591	545	59.8	-83.8	327	-2.33	3.89	-1.02	0.000397	7.35e-05	164	44.2	-306	0.282	0.239	589	583	
4.2e+05	591	546	59.7	-83.8	329	-2.3	3.9	-1.03	0.000397	7.35e-05	165	44.1	-307	0.282	0.239	589	583	
4.25e+05	591	546	59.9	-83.8	324	-2.31	3.89	-1.03	0.000397	7.35e-05	164	44.3	-303	0.282	0.239	589	583	
4.3e+05	591	546	59.9	-83.8	323	-2.32	3.9	-1.02	0.000397	7.35e-05	164	44.5	-302	0.282	0.239	589	584	
4.35e+05	591	545	59.8	-83.7	324	-2.31	3.88	-1.01	0.000397	7.35e-05	164	44.2	-303	0.283	0.24	589	584	
4.4e+05	591	545	59.9	-83.7	323	-2.31	3.89	-1.03	0.000397	7.35e-05	179	35.3	-301	0.285	0.239	589	584	
4.45e+05	591	545	60	-83.7	320	-2.34	3.88	-1.03	0.000397	7.35e-05	164	44.4	-298	0.282	0.24	589	584	
4.5e+05	591	545	59.9	-83.7	315	-2.33	3.87	-1.05	0.000397	7.35e-05	164	44.2	-293	0.282	0.24	589	584	
4.55e+05	592	546	59.9	-83.7	319	-2.32	3.88	-1.02	0.000397	7.35e-05	164	44.6	-298	0.282	0.24	590	584	
4.6e+05	592	546	60	-83.6	322	-2.32	3.89	-1	0.000397	7.35e-05	165	44	-300	0.282	0.24	590	584	
4.65e+05	592	546	59.9	-83.6	316	-2.32	3.88	-1.02	0.000397	7.35e-05	164	44.2	-294	0.282	0.24	590	584	
4.7e+05	592	546	60.1	-83.6	312	-2.33	3.88	-1.01	0.000396	7.35e-05	164	44.3	-290	0.282	0.24	590	584	
4.75e+05	592	546	60	-83.6	311	-2.35	3.86	-1.04	0.000396	7.35e-05	164	44.5	-289	0.282	0.24	590	584	
4.8e+05	592	545	60.1	-83.6	310	-2.33	3.87	-1.02	0.000396	7.35e-05	164	44.4	-288	0.283	0.24	590	584	
4.85e+05	592	546	60.1	-83.5	311	-2.33	3.88	-0.997	0.000396	7.35e-05	163	44.8	-289	0.282	0.24	590	584	
4.9e+05	592	545	60.1	-83.5	304	-2.33	3.86	-1.02	0.000396	7.35e-05	164	44.1	-282	0.283	0.24	590	585	
4.95e+05	592	546	60.1	-83.5	310	-2.34	3.86	-1.02	0.000396	7.35e-05	164	44.7	-288	0.282	0.24	590	585	
5e+05	592	546	60.2	-83.5	304	-2.37	3.87	-0.995	0.000396	7.35e-05	163	45	-282	0.282	0.24	590	585	
5.05e+05	592	546	60.2	-83.5	299	-2.34	3.85	-1.03	0.000396	7.35e-05	164	44.5	-278	0.282	0.24	590	585	
5.1e+05	592	545	60.2	-83.4	298	-2.36	3.86	-1	0.000396	7.35e-05	165	44	-277	0.283	0.24	590	585	
5.15e+05	592	546	60.2	-83.4	300	-2.34	3.85	-1.02	0.000396	7.35e-05	164	44.8	-279	0.282	0.24	590	585	
5.2e+05	592	546	60.2	-83.4	302	-2.34	3.84	-1.02	0.000396	7.35e-05	164	44.3	-281	0.282	0.24	590	585	
5.25e+05	592	546	60.2	-83.4	300	-2.35	3.84	-1.01	0.000396	7.35e-05	163	45	-279	0.282	0.24	590	585	
5.3e+05	593	546	60.2	-83.4	294	-2.43	3.84	-1.01	0.000395	7.35e-05	164	44.9	-272	0.282	0.24	590	585	
5.35e+05	593	545	60.3	-83.3	295	-2.35	3.85	-0.987	0.000396	7.35e-05	181	34.7	-273	0.286	0.24	591	585	
5.4e+05	593	546	60.3	-83.3	294	-2.35	3.83	-1.01	0.000395	7.35e-05	164	44.4	-272	0.282	0.24	591	585	
5.45e+05	593	546	60.3	-83.3	292	-2.36	3.84	-1.01	0.000395	7.35e-05	163	44.9	-271	0.282	0.24	591	585	
5.5e+05	593	546	60.3	-83.3	288	-2.36	3.85	-1.02	0.000395	7.35e-05	164	44.3	-267	0.283	0.24	591	585	
5.55e+05	593	546	60.3	-83.3	283	-2.36	3.83	-1.01	0.000395	7.35e-05	163	45	-262	0.282	0.24	591	585	
5.6e+05	593	546	60.3	-83.2	293	-2.36	3.83	-0.988	0.000395	7.35e-05	164	44.6	-271	0.282	0.24	591	585	
5.65e+05	593	546	60.3	-83.2	291	-2.36	3.83	-0.984	0.000395	7.35e-05	164	44.9	-270	0.282	0.24	591	586	
5.7e+05	593	546	60.2	-83.2	296	-2.34	3.82	-0.998	0.000395	7.35e-05	164	44.1	-275	0.282	0.24	591	585	
5.75e+05	593	546	60.4	-83.2	280	-2.36	3.82	-1	0.000395	7.35e-05	164	44.6	-258	0.283	0.24	591	586	
5.8e+05	593	546	60.4	-83.2	285	-2.38	3.82	-0.992	0.000395	7.35e-05	163	44.8	-263	0.282	0.24	591	586	
5.85e+05	593	546	60.4	-83.1	279	-2.37	3.83	-1.02	0.000395	7.35e-05	164	44.9	-257	0.282	0.24	591	586	
5.9e+05	593	546	60.4	-83.1	284	-2.37	3.82	-0.982	0.000395	7.35e-05	164	44.4	-262	0.282	0.24	591	586	
5.95e+05	594	547	60.4	-83.1	293	-2.37	3.81	-0.996	0.000395	7.35e-05	164	44.8	-271	0.283	0.24	591	586	
6e+05	593	547	60.5	-83.1	293	-2.37	3.8	-1	0.000395	7.35e-05	164	44.6	-272	0.283	0.24	592	586	
6.05e+05	594	546	60.5	-83.1	293	-2.38	3.82	-1.01	0.000394	7.35e-05	164	45	-272	0.282	0.24	592	586	
6.1e+05	594	546	60.5	-83	295	-2.38	3.81	-0.969	0.000394	7.35e-05	180	35	-273	0.287	0.24	592	586	
6.15e+05	594	546	60.6	-83	303	-2.37	3.81	-1.01	0.000395	7.35e-05	163	44.6	-281	0.282	0.24	592	586	
6.2e+05	594	546	60.6	-83	300	-2.38	3.8	-0.97	0.000394	7.35e-05	163	44.9	-278	0.283	0.24	592	586	
6.25e+05	594	547	60.5	-83	301	-2.38	3.79	-0.986	0.000394	7.35e-05	164	45	-279	0.282	0.24	592	586	
6.3e+05	594	547	60.6	-83	302	-2.38	3.79	-0.98	0.000394	7.35e-05	164	44.3	-281	0.283	0.24	592	586	
6.35e+05	594	547	60.5	-82.9	309	-2.38	3.81	-0.99	0.000394	7.35e-05	164	44.5	-288	0.282	0.24	592	586	
6.4e+05	594	547	60.6	-82.9	309	-2.38	3.79	-0.976	0.000394	7.35e-05	164	45.2	-287	0.283	0.24	592	586	
6.45e+05	594	547	60.7	-82.9	313	-2.39	3.79	-0.976	0.000394	7.35e-05	164	44.8	-291	0.282	0.24	592	587	
6.5e+05	594	546	60.7	-82.9	303	-2.39	3.79	-0.996	0.000394	7.35e-05	163	44.9	-282	0.283	0.24	592	587	
6.55e+05	594	546	60.7	-82.9	315	-2.4	3.8	-0.98	0.000394	7.35e-05	164	44.7	-293	0.283	0.24	592	587	
6.6e+05	594	547	60.7	-82.8	304	-2.4	3.77	-0.98	0.000394	7.35e-05	164	45	-283	0.282	0.24	592	587	
6.65e+05	594	547	60.6	-82.8	311	-2.38	3.78	-1.01	0.000394	7.35e-05	164	44.7	-289	0.282	0.24	592	587	
6.7e+05	594	547	60.7	-82.8	311	-2.4	3.78	-0.956	0.000394	7.35e-05	164	44.7	-289	0.283	0.24	592	587	
6.75e+05	594	547	60.7	-82.8	308	-2.42	3.78	-1	0.000394	7.35e-05	174	37.6	-287	0.284	0.24	593	587	
6.8e+05	595	546	60.8	-82.7	312	-2.4	3.79	-0.972	0.000394	7.35e-05	164	44.5	-291	0.283	0.24	593	587	
6.85e+05	595	546	60.7	-82.7	311	-2.43	3.78	-0.984	0.000393	7.35e-05	164	44.4	-289	0.283	0.24	593	587	
6.9e+05	595	547	60.8	-82.7	315	-2.4	3.77	-0.996	0.000393	7.35e-05	164	45	-293	0.282	0.24	593	587	
6.95e+05	595	547	60.8	-82.7	312	-2.41	3.77	-0.98	0.000393	7.35e-05	185	33.9	-290	0.288	0.24	593	587	
7e+05	595	547	60.8	-82.7	323	-2.4	3.76	-0.991	0.000393	7.35e-05	164	45.3	-301	0.282	0.24	593	587	
7.05e+05	595	547	60.8	-82.6	317	-2.42	3.77	-0.978	0.000393	7.35e-05	164	44.6	-295	0.283	0.24	593	587	
7.1e+05	595	547	60.9	-82.6	325	-2.4	3.76	-0.991	0.000393	7.35e-05	164	45.3	-303	0.283	0.241	593	587	
7.15e+05	595	547	60.9	-82.6	323	-2.41	3.76	-0.974	0.000393	7.35e-05	164	44.5	-301	0.283	0.241	593	587	
7.2e+05	595	547	60.9	-82.6	327	-2.42	3.75	-0.953	0.000393	7.35e-05	164	44.8	-305	0.283	0.241	593	587	
7.25e+05	595	546	60.9	-82.6	320	-2.42	3.74	-0.955	0.000393	7.35e-05	164	44.4	-298	0.283	0.241	593	588	
7.3e+05	595	547	61	-82.5	324	-2.42	3.75	-0.985	0.000393	7.35e-05	164	45.1	-302	0.283	0.241	593	588	
7.35e+05	595	547	60.9	-82.5	328	-2.48	3.75	-0.977	0.000393	7.35e-05	164	45.1	-306	0.283	0.241	593	588	
7.4e+05	595	547	61	-82.5	325	-2.42	3.75	-0.968	0.000393	7.35e-05	164	44.9	-303	0.282	0.241	593	588	
7.45e+05	595	547	61	-82.5	327	-2.41	3.75	-0.971	0.000393	7.35e-05	164	44.9	-305	0.283	0.241	593	588	
7.5e+05	595	546	61	-82.5	326	-2.43	3.74	-0.983	0.000393	7.35e-05	163	45.3	-304	0.283	0.241	593	588	
7.55e+05	595	547	61	-82.4	331	-2.43	3.74	-0.968	0.000393	7.35e-05	164	44.9	-309	0.283	0.241	594	588	
7.6e+05	596	547	61	-82.4	329	-2.41	3.75	-0.947	0.000393	7.35e-05	164	44.7	-307	0.283	0.241	594	588	
7.65e+05	596	547	61	-82.4	328	-2.42	3.75	-0.945	0.000393	7.35e-05	164	44.8	-306	0.283	0.241	594	588	
7.7e+05	596	547	61.1	-82.4	329	-2.42	3.74	-0.95	0.000393	7.35e-05	164	45.1	-308	0.283	0.241	594	588	
7.75e+05	596	547	61.1	-82.4	328	-2.5	3.74	-0.949	0.000393	7.35e-05	179	35.6	-307	0.287	0.241	594	588	
7.8e+05	596	547	61.2	-82.3	330	-2.43	3.73	-0.961	0.000392	7.35e-05	163	45.1	-308	0.283	0.241	594	588	
7.85e+05	596	547	61	-82.3	330	-2.48	3.72	-0.982	0.000392	7.35e-05	164	44.9	-308	0.282	0.241	594	588	
7.9e+05	596	547	61.1	-82.3	330	-2.43	3.73	-0.936	0.000392	7.35e-05	164	45.3	-308	0.283	0.241	594	588	
7.95e+05	596	547	61.2	-82.3	331	-2.44	3.71	-0.98	0.000392	7.35e-05	164	45.2	-309	0.283	0.241	594	588	
8e+05	596	547	61.1	-82.3	330	-2.43	3.73	-0.941	0.000392	7.35e-05	164	44.9	-309	0.283	0.241	594	589	
8.05e+05	596	547	61.2	-82.2	330	-2.5	3.71	-0.959	0.000392	7.35e-05	164	45	-309	0.283	0.241	594	589	
8.1e+05	596	547	61.1	-82.2	330	-2.42	3.71	-0.965	0.000392	7.35e-05	164	44.7	-309	0.283	0.241	594	589	
8.15e+05	596	547	61.2	-82.2	330	-2.43	3.72	-0.924	0.000392	7.35e-05	164	45.2	-309	0.283	0.241	594	589	
8.2e+05	596	548	61.2	-82.2	330	-2.43	3.71	-0.943	0.000392	7.35e-05	164	45.1	-308	0.283	0.241	594	589	
8.25e+05	596	548	61.1	-82.2	330	-2.41	3.7	-0.955	0.000392	7.35e-05	164	44.8	-309	0.283	0.241	594	589	
8.3e+05	597	547	61.3	-82.1	330	-2.45	3.72	-0.963	0.000392	7.35e-05	164	45.2	-309	0.283	0.241	594	589	
8.35e+05	597	548	61.2	-82.1	330	-2.51	3.71	-0.938	0.000392	7.35e-05	164	44.9	-309	0.283	0.241	595	589	
8.4e+05	597	547	61.3	-82.1	329	-2.44	3.7	-0.949	0.000392	7.35e-05	164	45	-308	0.283	0.241	595	589	
8.45e+05	597	548	61.3	-82.1	329	-2.44	3.7	-0.926	0.000392	7.35e-05	163	45.2	-307	0.283	0.241	595	589	
8.5e+05	597	548	61.3	-82.1	329	-2.45	3.71	-0.917	0.000392	7.35e-05	164	44.9	-307	0.283	0.241	595	589	
8.55e+05	597	547	61.3	-82	329	-2.43	3.69	-0.945	0.000392	7.35e-05	164	45.3	-307	0.283	0.241	595	589	
8.6e+05	597	548	61.3	-82	328	-2.44	3.69	-0.931	0.000392	7.35e-05	164	44.8	-307	0.282	0.241	595	589	
8.65e+05	597	548	61.3	-82	328	-2.54	3.69	-0.926	0.000391	7.35e-05	164	45.1	-306	0.283	0.241	595	589	
8.7e+05	597	548	61.3	-82	328	-2.44	3.69	-0.923	0.000391	7.35e-05	164	45.4	-306	0.283	0.241	595	589	
8.75e+05	597	548	61.4	-81.9	326	-2.47	3.7	-0.951	0.000391	7.35e-05	163	45.4	-305	0.283	0.241	595	590	
8.8e+05	597	548	61.5	-81.9	326	-2.46	3.69	-0.95	0.000391	7.35e-05	164	45	-304	0.283	0.241	595	590	
8.85e+05	597	548	61.4	-81.9	326	-2.45	3.69	-0.956	0.000391	7.35e-05	163	45.5	-304	0.283	0.241	595	590	
8.9e+05	597	548	61.4	-81.9	323	-2.45	3.68	-0.908	0.000391	7.35e-05	164	45.2	-301	0.283	0.241	595	590	
8.95e+05	598	548	61.5	-81.9	320	-2.46	3.67	-0.931	0.000391	7.35e-05	164	45	-298	0.283	0.241	595	590	
9e+05	598	548	61.5	-81.8	322	-2.46	3.67	-0.925	0.000391	7.35e-05	171	39.5	-300	0.284	0.241	596	590	
9.05e+05	598	547	61.5	-81.8	322	-2.45	3.67	-0.922	0.000391	7.35e-05	193	32.6	-300	0.295	0.241	596	590	
9.1e+05	598	548	61.5	-81.8	323	-2.45	3.68	-0.94	0.000391	7.35e-05	164	45.1	-302	0.283	0.241	596	590	
9.15e+05	598	548	61.5	-81.8	321	-2.46	3.68	-0.928	0.000391	7.35e-05	182	34.8	-299	0.287	0.241	596	590	
9.2e+05	598	548	61.5	-81.8	317	-2.45	3.66	-0.929	0.000391	7.35e-05	164	44.6	-296	0.283	0.241	596	590	
9.25e+05	598	548	61.5	-81.7	315	-2.47	3.66	-0.92	0.000391	7.35e-05	163	45.5	-294	0.283	0.241	596	590	
9.3e+05	598	548	61.5	-81.7	320	-2.45	3.65	-0.923	0.000391	7.35e-05	164	44.9	-298	0.283	0.241	596	590	
9.35e+05	598	547	61.6	-81.7	313	-2.47	3.66	-0.897	0.000391	7.35e-05	163	45	-292	0.283	0.241	596	591	
9.4e+05	598	548	61.6	-81.7	310	-2.46	3.65	-0.911	0.000391	7.35e-05	163	45.4	-289	0.283	0.241	596	591	
9.45e+05	598	548	61.6	-81.7	315	-2.46	3.67	-0.92	0.000391	7.35e-05	164	45.5	-294	0.283	0.241	596	591	
9.5e+05	598	548	61.6	-81.6	308	-2.48	3.66	-0.928	0.000391	7.35e-05	164	45.7	-286	0.283	0.241	596	591	
9.55e+05	598	548	61.6	-81.6	311	-2.46	3.65	-0.942	0.000391	7.35e-05	164	45.1	-289	0.283	0.241	596	591	
9.6e+05	598	548	61.6	-81.6	308	-2.53	3.65	-0.946	0.000391	7.35e-05	164	45.1	-286	0.283	0.241	596	591	
9.65e+05	599	548	61.7	-81.6	303	-2.47	3.65	-0.89	0.00039	7.35e-05	164	44.9	-281	0.283	0.241	597	591	
9.7e+05	599	548	61.6	-81.6	311	-2.46	3.65	-0.922	0.000391	7.36e-05	163	45.6	-289	0.283	0.241	597	591	
9.75e+05	599	548	61.7	-81.5	305	-2.47	3.64	-0.897	0.00039	7.36e-05	164	45	-284	0.283	0.241	597	591	
9.8e+05	599	548	61.7	-81.5	306	-2.48	3.65	-0.909	0.00039	7.36e-05	164	45.3	-284	0.283	0.241	597	591	
9.85e+05	599	548	61.7	-81.5	305	-2.47	3.64	-0.935	0.00039	7.36e-05	164	45	-283	0.283	0.241	597	591	
9.9e+05	599	549	61.7	-81.5	306	-2.48	3.65	-0.908	0.00039	7.36e-05	163	45.5	-284	0.283	0.241	597	591	
9.95e+05	599	548	61.8	-81.5	297	-2.5	3.63	-0.927	0.00039	7.36e-05	163	45.6	-275	0.283	0.241	597	591	
